7857
37850
37260
8622
65683
35024
55708
2145
8490
7820
2404
29352
10773
47572
61950
2917
5844
9855
28281
30900
24840
13832
23647
1010
5494
57342
24856
5120
26197
35365
67811
15612
9226
8703
44064
11647
11880
4148
508
8216
53903
15750
6880
28329
28259
14184
44297
141
22155
21648
12784
51428
24688
20680
45162
39390
15424
12104
3480
3988
14112
33550
19055
19320
4116
5950
16038
16335
60090
6664
8585
6225
35073
1155
28391
8160
13540
1508
6060
42888
11455
18672
2769
24936
37005
18290
9804
5488
22288
31660
5406
53942
18738
5150
12362
2190
7485
876
8409
