11349
30280
34155
479
38027
9552
35184
2717
13584
6256
14424
19568
15561
16990
78470
32087
3896
16425
15426
14420
55200
4940
12733
2424
19229
3018
19120
11520
26197
9645
17845
58545
2636
29010
26928
10421
14256
4148
2794
8216
8511
23625
27520
20874
25690
13396
72486
940
63300
17712
19176
19780
9258
4136
20844
18382
26992
9078
1044
27916
6048
57035
30488
6440
14406
3500
8019
7623
20030
6272
9595
37350
77940
924
15486
30600
54160
18096
808
21444
2291
43568
3621
18702
4934
7316
4902
30184
36218
25328
43248
73207
4164
2060
11479
3285
17964
14892
19621
