15714
45420
6210
7185
10371
19104
14660
286
15282
14858
4808
24460
4788
54368
16520
52506
974
3285
7713
14420
24840
2964
5457
3434
16482
21126
28680
10240
20033
45010
21414
46836
1318
8703
2448
9808
23760
4148
2286
22594
11348
21000
11008
17892
10276
7880
12081
658
25320
31488
15980
71208
9258
1034
41688
13130
3856
27234
1740
31904
2016
67100
72409
6440
15435
1750
17820
11979
48072
6664
3535
8300
7794
1232
2581
14280
16248
10556
404
46462
13746
3112
1491
56106
17269
47554
14706
43904
11144
18996
45951
77060
20820
2060
3532
657
19461
14892
19621
