13095
68130
6210
1437
55312
47760
32252
2717
13584
7820
4808
41582
13167
3398
57820
37921
7792
18615
35994
4120
52440
18772
34561
1414
19229
51306
11472
10240
12328
61085
64242
39030
9885
26109
9792
4904
11880
33184
2794
28756
39718
7875
9632
2982
28259
2364
44297
329
12660
5904
20774
59340
12344
2068
3474
5252
42416
3026
2088
7976
17136
23485
41921
2576
16464
4900
13365
11979
60090
5488
9595
4150
74043
924
49039
12240
54160
15080
4848
46462
41238
21784
1065
43638
46873
69502
11438
5488
13930
20579
18921
15412
10410
9270
11479
876
28443
9636
5606
