2619
68130
3105
4790
34570
6368
14660
2002
13584
10166
24040
9784
14364
61164
82600
52506
7305
1095
51420
10300
33120
15808
20009
3232
13735
60360
13384
15360
16951
9645
60673
39030
4613
20307
48960
10421
30888
35258
254
18486
25533
13125
6880
28329
5138
5516
12081
658
50640
15744
9588
3956
52462
20680
55584
28886
57840
30260
1914
19940
18144
60390
22866
9016
13377
4200
5346
20691
4006
784
8585
31125
19485
1309
25810
32640
54160
4524
3232
39314
2291
28008
4047
37404
49340
32922
15523
49392
52934
25328
10812
42383
2082
5150
15894
2847
22455
5256
39242
