17460
75700
62100
9580
51855
19104
52776
429
1698
5474
24040
12230
8379
57766
8260
11668
7305
19710
20568
35020
5520
7904
20009
3030
32964
30180
3824
11520
13869
61085
53535
50739
5272
14505
48960
1839
19008
33184
4318
14378
39718
49875
24768
13419
33397
14184
56378
235
6330
23616
15980
27692
37032
18612
52110
42016
26992
19669
1740
35892
5040
50325
76220
20608
2058
2450
5346
17424
16024
5880
9595
10375
15588
77
23229
30600
46036
4524
1616
64332
20619
49792
2343
52989
7401
36580
14706
27440
22288
18996
27030
15412
7287
9270
883
3723
29940
4380
56060
