125
210
217
336
266
189
440
170
459
160
210
47
360
125
172
288
343
351
84
270
35
468
246
186
480
111
156
308
99
500
320
87
322
252
250
126
124
147
228
216
135
272
204
205
210
423
370
78
344
32
250
312
84
184
140
260
210
217
336
259
54
44
198
102
200
290
329
72
225
43
224
441
266
84
405
306
364
369
270
384
370
78
220
165
500
195
29
184
350
150
84
279
343
380
162
308
68
204
200
150
47
324
234
172
128
100
351
112
405
35
104
287
310
192
185
216
308
330
100
120
116
368
288
250
168
320
441
38
56
135
102
51
82
210
188
74
234
258
99
50
39
84
184
350
104
252
93
192
76
108
176
238
204
80
145
47
360
225
129
64
147
312
28
135
140
104
369
300
336
296
78
44
66
150
400
174
460
35
100
84
248
392
228
189
450
34
51
41
60
470
72
208
301
192
200
117
140
230
315
208
205
124
432
296
54
264
66
306
200
232
235
252
250
84
64
392
38
252
360
34
156
328
90
432
111
26
215
33
50
390
116
414
35
225
168
155
480
76
81
176
102
102
280
30
47
216
260
172
96
245
78
252
180
105
312
123
248
336
111
156
132
33
150
80
116
92
72
175
336
320
294
190
81
405
136
153
287
240
47
74
52
301
256
450
78
56
322
280
468
294
93
480
38
81
264
66
306
160
261
329
180
75
301
256
196
39
84
135
34
520
410
150
96
296
156
176
33
250
39
174
184
70
250
378
155
98
38
162
45
272
306
240
30
423
180
234
258
96
450
195
196
360
280
52
164
248
432
185
189
352
330
408
40
29
414
144
25
336
224
245
190
28
270
306
208
246
180
47
74
208
129
264
150
312
290
368
140
156
378
93
480
38
54
396
136
153
40
180
94
72
75
86
128
245
39
196
180
245
468
41
60
480
370
26
264
33
150
200
29
322
216
50
84
248
245
304
54
90
272
51
287
150
423
216
208
430
224
450
351
196
184
70
156
210
31
384
370
27
220
165
459
80
116
423
324
50
430
32
98
76
140
270
238
416
287
240
384
259
52
430
198
150
195
290
322
35
50
336
31
490
114
54
352
238
255
240
60
376
288
26
129
96
196
351
28
225
210
208
205
248
432
111
216
352
99
300
160
87
46
360
150
420
96
441
190
252
450
306
408
164
180
423
296
78
344
99
500
390
112
184
210
416
42
93
240
38
270
176
340
459
280
203
188
360
225
215
224
245
351
140
225
102
416
164
300
432
148
156
308
198
150
160
290
92
315
225
294
248
343
114
81
360
136
306
160
120
235
36
182
129
32
100
273
196
184
140
260
41
62
240
111
54
264
231
204
200
174
141
252
100
294
96
441
342
196
135
136
208
246
240
47
185
130
215
198
300
78
145
184
175
125
126
62
96
76
216
264
170
510
200
150
470
216
200
215
96
98
351
252
225
105
260
287
124
432
74
156
88
99
500
80
58
322
180
200
420
93
245
266
135
135
340
510
369
240
141
185
208
172
192
200
390
280
414
280
