50
84
217
288
380
162
264
306
306
400
150
141
72
250
172
256
490
156
56
180
245
208
287
186
480
296
78
352
231
400
280
261
368
288
200
252
310
196
228
243
315
68
204
205
60
376
185
260
86
320
300
156
252
46
315
468
210
93
336
296
81
176
132
510
400
29
376
252
50
258
32
49
76
56
90
136
520
82
180
240
333
26
220
165
150
156
203
230
280
250
126
62
245
380
270
44
68
51
360
210
94
252
130
344
320
50
195
280
450
70
312
328
124
432
37
189
352
330
500
280
232
184
252
200
126
32
490
266
56
45
102
204
328
90
329
185
104
129
33
300
351
196
460
350
416
126
155
288
380
216
88
204
306
320
290
188
108
200
344
32
98
78
168
225
350
104
328
240
192
111
182
44
330
350
360
174
322
315
225
378
279
343
76
27
405
204
510
328
120
282
324
182
344
320
250
156
112
322
175
260
328
31
144
259
108
132
264
357
320
203
282
360
175
210
192
441
304
196
315
340
260
410
150
384
74
156
258
132
250
312
145
276
35
75
210
31
288
152
216
352
102
510
40
270
235
324
260
301
192
196
390
140
270
35
208
328
186
240
333
26
352
297
50
240
116
414
144
100
378
192
343
380
108
135
340
102
164
210
470
259
130
387
32
250
39
224
184
280
208
42
155
96
228
27
308
132
153
200
29
282
72
25
129
224
294
351
112
405
272
520
287
120
192
185
182
352
165
350
195
203
322
35
100
168
93
392
152
270
450
272
255
80
180
470
108
26
430
160
100
39
56
45
105
416
287
31
384
333
54
440
198
102
280
145
414
180
250
336
256
490
304
112
405
136
208
41
210
94
185
130
172
198
400
234
145
368
315
520
168
186
48
228
81
308
34
153
320
30
329
324
200
258
224
392
39
224
90
315
104
123
300
144
148
182
88
132
500
80
87
184
288
200
210
186
490
380
243
225
68
204
164
240
329
324
208
43
192
450
39
224
460
70
52
294
186
96
37
189
220
33
408
40
232
423
144
225
215
256
441
190
252
180
34
208
205
270
288
296
104
301
198
250
39
145
230
350
75
336
93
441
38
270
44
136
102
320
270
423
144
182
215
128
98
273
224
405
210
520
369
155
240
185
27
396
297
500
240
290
184
36
100
126
32
392
228
196
45
204
153
287
300
470
37
52
258
99
200
39
84
460
350
520
294
217
192
152
27
440
102
204
240
203
282
180
25
172
32
392
390
280
90
204
260
41
90
384
148
78
44
66
150
400
174
184
70
225
252
31
49
190
81
180
68
459
120
30
329
324
78
43
160
450
78
28
460
140
52
246
155
432
185
216
176
297
306
320
232
470
288
100
420
288
147
190
168
270
136
468
82
180
94
333
78
344
99
200
351
87
322
175
75
420
186
96
342
162
132
204
306
320
210
423
324
50
258
192
490
39
112
45
315
104
410
217
480
222
130
220
297
400
280
58
276
36
125
378
279
245
380
54
270
34
459
410
90
235
185
182
215
32
200
234
28
368
245
