25
42
248
432
342
54
132
204
204
120
180
94
108
50
387
32
441
117
84
315
280
520
410
31
480
259
182
308
33
150
360
203
276
144
225
168
310
294
304
54
315
170
357
369
90
94
37
26
172
256
50
390
28
368
35
208
336
279
48
333
243
308
231
510
160
87
47
288
25
430
288
196
190
252
225
340
156
287
240
240
333
208
308
99
500
273
174
46
280
125
210
186
343
228
216
132
238
408
280
180
235
72
260
387
96
450
78
224
450
175
416
328
310
288
37
27
176
165
300
120
87
46
108
175
126
224
490
152
28
180
102
357
205
180
141
222
208
172
132
50
390
28
368
175
52
294
124
288
76
189
396
204
153
120
145
376
252
200
258
64
147
234
252
180
280
520
410
30
48
222
104
308
231
500
160
116
138
280
175
168
124
245
114
81
405
204
357
123
270
188
288
78
172
256
150
117
168
460
140
104
41
124
192
296
27
44
297
510
200
87
188
180
25
168
256
49
190
112
180
136
208
82
270
432
148
234
215
198
350
78
87
276
280
225
42
155
384
152
216
88
340
459
240
60
376
252
260
301
288
49
273
140
270
210
260
205
93
96
222
208
396
132
400
400
87
322
180
25
252
128
147
304
108
450
238
459
369
180
470
148
130
129
288
450
156
280
46
140
520
336
310
480
304
243
176
132
102
240
29
188
108
50
430
288
294
390
196
270
204
104
41
90
288
37
182
308
231
450
273
29
322
280
100
210
248
343
304
54
225
340
510
360
210
188
108
234
430
192
500
78
28
180
315
312
123
155
144
296
189
132
99
102
240
174
460
252
100
336
160
196
380
196
180
340
520
205
300
282
370
130
43
132
450
390
174
276
175
364
252
217
288
152
54
352
34
459
320
120
47
36
75
86
32
147
312
112
315
245
208
123
180
336
296
104
132
99
200
200
261
368
180
250
168
310
98
266
189
45
68
510
82
30
470
36
130
387
288
350
273
28
368
140
156
294
155
240
296
243
440
132
408
360
174
470
216
125
86
256
343
38
280
45
340
208
328
60
336
185
156
387
66
50
195
174
368
140
125
294
217
490
190
135
352
136
204
360
240
423
36
156
129
288
490
39
168
315
245
312
82
279
192
296
243
220
264
400
80
290
414
324
225
168
256
245
152
140
270
34
510
287
270
282
370
104
387
33
350
117
168
46
105
208
42
279
480
380
189
220
238
510
120
145
188
180
100
258
160
441
273
280
270
102
104
123
60
288
259
26
176
297
400
80
29
414
315
25
168
186
245
266
270
225
238
357
40
150
470
36
104
344
224
250
312
140
368
245
520
82
62
336
74
81
132
66
306
40
116
470
252
150
252
288
343
342
56
450
34
52
205
60
282
333
260
172
132
200
234
87
414
245
175
42
62
192
342
162
264
34
51
120
300
282
288
100
387
32
98
39
56
135
175
312
328
62
432
74
156
396
33
350
80
290
230
360
250
420
62
196
266
162
45
204
306
82
300
94
370
104
430
224
450
312
56
414
245
