150
420
62
288
152
27
44
272
306
80
150
282
72
225
172
160
392
390
84
180
35
312
328
279
144
185
156
176
66
50
360
58
138
180
175
210
124
392
342
189
135
170
204
41
60
235
259
26
301
224
500
273
56
46
245
520
294
124
384
185
270
88
99
102
360
232
470
36
175
258
32
343
76
140
360
68
312
410
30
96
74
78
264
33
150
156
58
322
35
25
210
31
147
304
81
396
340
459
280
270
188
108
52
129
32
450
273
56
225
350
468
205
93
288
37
216
440
231
350
400
290
368
324
125
126
32
49
76
140
90
170
255
123
150
329
37
208
172
264
150
156
252
322
70
312
420
186
144
342
162
440
340
255
320
174
376
252
100
344
320
441
117
280
180
35
312
246
240
384
370
208
440
297
200
280
232
322
35
200
210
62
49
228
270
180
340
255
369
60
282
36
130
172
320
50
156
168
322
35
156
369
186
432
259
270
308
231
51
400
203
188
216
125
336
224
49
304
168
90
102
104
41
60
432
185
78
301
99
150
273
145
230
70
225
42
93
240
228
270
220
34
459
240
300
188
216
182
258
128
294
117
140
180
280
416
410
186
48
296
182
264
198
400
160
232
230
324
150
126
192
98
114
81
270
306
255
287
240
470
37
52
344
192
150
117
224
460
105
520
210
310
336
228
81
176
330
357
320
145
470
360
250
43
96
49
156
252
270
170
52
328
30
48
333
130
88
198
500
78
87
230
105
175
420
186
392
228
108
405
204
102
160
300
376
252
104
258
96
500
195
196
90
175
156
287
93
48
185
27
396
198
153
40
203
184
144
125
294
64
98
342
280
360
306
416
164
240
141
333
78
301
198
500
156
116
414
35
260
84
310
96
304
54
308
34
204
160
120
47
324
150
215
160
98
351
140
180
245
364
41
90
48
370
104
88
132
400
360
261
46
108
50
42
310
196
266
216
315
272
408
328
240
188
252
156
344
224
250
234
168
230
210
520
42
124
240
333
54
440
198
255
160
174
94
72
25
129
224
490
152
280
270
204
208
164
30
432
370
78
172
132
200
78
116
276
70
125
378
186
294
38
216
44
102
357
200
30
329
108
182
43
224
392
195
56
270
70
260
205
279
384
259
81
88
231
250
360
116
230
108
200
420
256
196
38
84
450
170
51
287
300
282
296
78
258
99
50
117
112
276
315
520
168
248
384
76
81
264
306
153
360
145
423
324
250
86
320
490
195
280
270
68
364
246
300
480
74
260
220
198
350
200
145
322
175
150
126
124
490
38
27
225
68
306
120
150
141
324
182
344
288
300
234
140
368
35
104
369
310
384
296
270
264
33
102
200
203
376
36
250
168
224
392
114
168
45
102
468
41
30
235
74
208
344
33
400
156
145
322
35
100
84
217
96
152
135
44
272
510
400
90
94
252
125
258
256
294
117
224
270
175
156
369
124
144
333
182
352
297
300
80
174
46
252
175
378
279
98
228
162
360
68
306
246
210
329
74
182
301
288
500
195
28
460
140
