100
210
310
144
76
81
132
136
204
400
300
423
108
50
258
320
49
39
224
90
140
156
41
155
240
333
130
264
231
400
320
58
276
180
50
336
217
343
38
135
270
238
459
410
120
470
74
52
301
160
300
312
196
368
280
364
252
248
336
259
189
220
264
357
40
261
282
108
25
387
192
147
380
196
225
204
312
123
60
384
222
26
220
330
500
351
261
368
315
75
420
279
441
304
81
352
204
255
200
90
141
36
182
86
288
300
39
196
450
105
520
369
248
192
333
189
220
33
50
280
232
138
180
175
294
128
490
38
112
135
68
255
164
30
188
74
234
172
330
200
156
28
92
70
104
378
155
48
266
162
220
306
459
240
174
423
288
150
258
96
245
234
84
450
245
104
246
60
240
148
182
440
264
250
240
232
414
140
150
84
248
490
342
108
405
272
102
164
180
282
252
182
430
224
200
156
252
460
210
468
287
155
96
296
243
132
198
357
40
58
470
360
250
84
224
147
190
196
450
170
416
287
90
480
148
182
387
165
150
273
261
276
70
200
420
248
192
266
216
440
340
51
80
30
141
288
52
430
32
490
234
84
45
140
468
328
93
96
111
52
264
66
500
40
145
276
252
75
210
160
343
114
81
45
68
357
246
210
329
148
104
430
128
300
39
252
138
175
208
126
217
144
228
108
396
66
255
40
116
47
288
150
258
320
441
195
56
225
102
52
123
150
432
185
104
264
33
400
195
174
46
350
100
168
93
441
38
270
450
340
408
40
90
235
180
26
215
128
100
39
280
45
280
416
82
279
144
148
162
176
99
408
320
116
368
252
150
252
160
392
266
56
360
102
416
246
240
188
222
156
215
297
100
195
232
92
105
364
294
217
96
228
108
440
136
510
120
300
235
108
200
43
96
98
234
28
90
140
260
164
120
480
37
182
132
264
500
360
290
276
324
75
210
248
392
152
108
450
68
153
410
300
47
144
208
86
320
100
117
224
276
350
208
420
186
288
296
54
220
99
102
80
203
141
108
25
301
192
490
76
28
45
170
260
164
210
240
148
182
215
165
250
156
87
460
245
250
84
155
147
114
27
44
272
153
120
240
329
324
104
258
96
392
351
28
405
280
468
246
248
96
37
270
176
132
450
240
116
46
36
25
420
32
49
266
112
135
204
459
287
240
376
222
130
301
198
450
273
56
368
105
468
210
248
48
152
135
220
238
204
160
87
235
252
150
301
288
245
78
168
225
238
208
246
60
384
222
208
176
198
100
360
174
92
280
175
420
217
294
380
162
450
238
306
280
30
47
144
104
344
192
150
117
280
322
175
468
205
93
96
37
270
132
99
153
240
58
235
216
150
336
320
294
152
224
135
136
416
287
210
47
185
52
215
99
350
195
116
46
105
250
336
31
432
76
108
352
102
153
400
270
141
72
25
430
128
294
117
140
180
350
156
123
310
288
37
52
220
330
350
120
261
230
36
200
294
310
294
152
270
45
306
408
369
120
235
296
182
344
320
50
39
224
414
105
