200
84
248
48
342
27
220
340
153
400
120
141
324
150
43
256
98
390
196
90
105
520
164
124
144
74
104
220
330
300
120
87
46
360
125
42
31
196
304
54
360
272
306
369
270
282
259
78
344
160
450
39
196
322
70
104
126
217
144
37
108
44
231
510
240
58
329
216
200
86
96
98
76
252
315
34
104
369
60
96
111
104
440
330
200
156
29
138
210
150
420
279
392
380
81
44
238
153
160
60
235
216
260
301
288
450
390
56
45
350
364
82
310
336
333
27
220
198
50
240
87
92
72
75
42
128
343
38
252
90
238
255
82
270
47
185
130
301
33
450
78
280
368
70
260
42
279
192
190
189
440
204
255
200
290
282
36
175
43
320
294
351
28
315
105
416
205
180
336
259
260
396
132
500
360
174
460
35
200
210
93
490
190
54
225
102
510
41
150
470
216
208
344
224
150
234
112
414
175
416
287
217
480
74
270
264
132
51
80
203
235
288
75
378
224
98
304
140
315
306
312
410
30
144
259
78
430
264
350
78
58
322
245
75
378
217
336
38
108
220
340
459
120
150
329
324
260
301
256
49
78
196
270
245
156
328
248
240
37
78
88
198
400
120
116
92
108
150
126
160
147
152
162
135
204
357
41
30
423
222
234
430
160
500
273
56
368
105
104
252
31
288
114
27
264
132
306
160
58
188
72
225
215
192
343
39
168
450
340
208
205
90
192
111
78
88
33
500
78
87
460
175
125
168
62
245
76
135
45
306
408
360
120
235
144
208
344
320
450
117
140
45
105
104
82
217
432
111
108
88
132
408
400
290
414
72
225
84
32
49
380
196
135
170
156
287
180
376
333
260
301
132
300
234
261
368
280
260
252
93
336
152
135
396
306
459
120
120
376
108
150
215
160
147
117
168
180
210
104
82
240
432
333
78
396
33
300
40
116
230
216
150
168
279
441
114
243
360
102
51
205
240
329
288
182
301
224
50
351
84
414
315
416
210
186
432
296
54
132
33
408
240
116
94
144
175
387
192
490
152
56
270
102
364
123
60
48
296
130
86
165
250
156
29
92
35
175
84
155
245
228
81
440
340
357
200
180
376
180
130
172
128
98
390
280
360
70
104
246
124
192
148
135
440
264
150
400
203
460
288
25
84
32
49
152
140
180
170
255
410
300
376
222
234
258
297
350
78
252
414
315
104
336
279
336
38
81
88
204
510
400
87
376
360
125
172
256
343
156
252
135
272
260
410
30
192
148
52
132
99
150
160
290
276
175
225
42
248
49
190
216
180
68
255
360
120
329
324
208
215
256
400
312
140
46
280
52
164
217
336
259
162
308
33
51
320
203
141
108
225
126
64
147
342
84
90
340
208
369
210
423
111
208
387
165
400
117
203
230
140
250
168
124
48
190
162
440
238
510
120
30
329
252
175
43
160
441
234
112
90
105
208
205
155
192
222
234
220
330
450
80
58
414
180
175
252
62
147
190
81
90
34
357
164
240
423
74
208
43
160
450
156
196
230
315
