125
252
186
192
304
162
396
102
357
360
90
470
216
25
387
64
245
390
280
225
35
156
164
93
192
222
234
264
330
200
240
261
46
144
150
126
279
441
38
162
45
272
306
41
240
423
74
260
344
128
300
195
140
138
210
156
210
248
384
296
216
220
165
255
400
203
235
360
100
43
160
343
190
28
45
238
52
287
300
432
333
78
308
165
450
273
87
368
210
150
168
248
392
380
108
396
204
255
280
30
470
72
78
86
32
250
39
224
135
210
260
246
124
480
259
27
88
231
50
400
290
184
108
125
336
32
392
380
84
315
102
306
82
240
235
148
52
301
33
200
117
168
46
140
520
210
124
480
342
243
220
170
153
320
261
470
216
75
172
224
98
312
280
225
350
364
205
180
240
370
156
440
198
400
360
58
138
280
100
84
248
245
114
216
90
306
204
123
90
235
36
78
172
320
200
273
84
368
245
104
328
217
240
37
135
44
165
357
240
174
94
72
75
378
224
196
342
56
90
34
312
41
90
144
333
260
129
33
400
195
174
460
210
75
378
93
384
266
216
352
170
153
160
300
188
216
130
172
128
392
156
84
360
315
208
410
217
480
111
52
264
66
50
40
87
322
36
200
336
96
98
190
108
225
306
357
410
210
282
148
208
86
192
300
312
112
92
35
312
126
31
432
380
243
176
66
459
320
116
47
360
150
43
256
490
156
112
360
272
208
82
90
480
296
104
220
66
250
351
174
46
105
200
252
310
49
342
81
315
306
51
40
300
47
288
78
129
32
450
312
56
135
70
468
410
155
288
111
108
440
198
510
280
29
138
144
100
84
192
490
380
252
360
204
104
328
180
376
370
26
172
99
200
39
261
414
315
52
294
31
480
190
54
352
204
51
120
150
94
144
25
43
256
441
351
196
360
210
468
328
180
288
333
156
44
330
300
400
58
230
216
25
210
310
392
114
108
315
238
510
205
210
141
288
78
387
224
300
78
252
92
175
156
42
155
192
333
135
264
33
255
280
87
94
288
175
215
128
245
380
112
450
170
104
287
210
384
185
26
344
297
450
273
290
414
210
225
252
248
245
380
54
88
34
357
280
240
141
252
130
86
288
392
390
112
450
280
468
410
186
192
296
216
44
66
150
200
290
184
72
175
210
192
490
342
84
225
136
408
369
30
235
296
26
215
33
400
390
112
322
210
104
378
248
288
266
270
132
238
510
120
29
188
108
200
172
192
392
78
84
270
238
416
123
60
144
148
26
44
297
300
320
261
460
210
250
84
186
196
114
135
135
204
357
280
30
47
360
234
43
192
400
351
112
322
350
52
164
31
192
185
54
176
231
306
160
87
470
324
150
294
288
245
380
280
360
272
52
328
30
329
37
26
344
165
350
78
145
184
140
200
42
31
240
380
54
352
170
255
160
210
423
288
50
301
128
441
312
196
135
70
312
328
248
240
37
156
220
198
450
280
203
92
324
75
210
279
392
190
54
225
102
408
369
180
188
74
130
86
320
450
351
224
138
245
