125
126
310
192
380
243
352
238
357
320
150
47
324
200
344
96
98
39
224
270
105
260
41
31
192
148
26
264
66
50
400
232
138
180
200
126
186
245
114
189
270
170
102
287
270
470
148
260
129
256
350
156
280
414
210
156
168
279
96
333
81
396
330
204
280
116
141
288
225
301
288
49
304
28
225
102
208
246
240
192
74
234
440
330
300
390
116
92
70
175
420
310
147
76
108
264
136
255
320
30
282
36
208
43
256
400
234
28
405
315
260
410
155
480
370
270
308
132
300
320
203
414
252
175
126
64
196
342
28
270
340
306
82
300
235
333
130
258
165
150
117
168
460
210
312
84
124
192
38
162
440
68
306
200
58
470
252
100
258
64
98
39
280
315
280
260
246
60
192
259
104
308
198
500
40
174
46
175
50
336
124
392
114
81
180
170
153
287
240
423
288
26
172
96
200
351
56
138
315
104
328
62
432
370
270
176
198
255
320
174
141
72
50
126
256
294
380
196
180
272
208
82
60
240
370
104
172
66
50
351
261
322
105
100
42
217
288
380
135
44
34
204
360
60
423
36
104
301
160
441
234
56
45
35
156
82
279
144
185
52
220
33
450
80
232
46
108
225
210
224
98
266
243
360
306
408
164
90
94
185
260
430
320
400
39
112
138
35
260
168
155
384
190
108
176
165
255
120
58
47
252
150
86
32
49
195
196
45
68
52
205
60
192
74
104
264
198
300
312
290
230
105
25
336
93
147
152
270
270
238
408
120
60
376
252
52
387
320
450
390
252
360
315
416
328
217
384
296
162
88
132
459
320
232
92
108
100
420
288
98
342
280
180
340
416
123
30
235
333
208
172
33
250
234
58
460
175
312
252
279
336
342
54
352
136
255
80
270
423
36
200
430
224
245
39
112
90
210
416
246
270
288
370
104
440
66
450
240
116
322
108
25
252
155
245
380
108
180
340
153
328
60
470
216
130
43
224
200
351
168
322
280
52
126
31
384
74
162
176
264
459
200
87
47
216
150
258
192
196
228
140
225
34
416
369
300
336
296
208
387
297
450
390
87
138
70
25
42
248
147
38
135
44
340
255
320
60
94
108
130
301
64
392
234
224
405
35
260
82
31
240
333
189
308
264
100
360
203
230
180
75
294
96
245
190
224
45
170
510
369
210
376
74
52
43
66
450
312
224
46
140
208
126
186
384
38
135
220
136
51
320
116
141
180
175
301
288
490
390
224
225
340
52
164
30
240
148
234
88
264
400
400
290
414
350
250
126
155
343
380
81
225
272
51
200
270
94
72
104
43
64
450
273
140
184
105
208
82
155
288
259
162
88
297
102
120
232
282
360
50
336
32
49
152
140
180
272
260
164
90
282
259
208
215
33
300
156
203
138
210
50
126
124
96
76
162
220
68
102
80
300
47
108
25
301
32
392
78
112
315
350
208
41
31
288
111
78
88
165
250
120
203
368
144
150
168
279
245
114
162
315
68
102
287
60
282
370
260
430
160
250
117
196
92
315
