25
210
248
48
76
81
264
340
153
360
120
188
360
200
86
256
441
234
196
405
70
416
287
310
384
222
26
264
330
100
320
116
460
144
25
84
31
294
228
270
90
238
510
369
120
188
74
208
430
128
350
195
224
46
315
520
210
155
48
259
162
220
198
153
240
290
188
216
200
43
256
343
228
28
450
170
364
123
30
384
333
156
308
99
150
312
58
460
105
175
42
93
343
76
54
396
238
459
40
60
47
360
104
301
32
500
78
280
225
350
52
369
62
384
37
27
176
99
400
280
87
414
36
150
378
256
392
304
224
45
68
255
410
240
141
259
234
129
66
100
390
168
322
350
364
210
217
48
304
216
176
204
510
240
203
470
72
250
129
96
49
234
56
180
210
364
164
300
384
185
234
440
99
300
40
29
368
210
50
294
248
245
342
189
360
136
306
369
60
423
108
52
344
256
250
351
224
230
280
416
410
124
288
370
270
264
297
255
160
261
188
216
175
420
320
490
304
56
135
204
156
41
60
480
148
26
301
165
350
390
58
138
245
200
84
310
96
380
189
440
340
204
160
180
188
36
104
86
128
441
312
252
180
35
312
287
279
144
333
208
264
132
200
240
174
138
252
75
42
96
490
190
243
360
170
408
369
60
94
111
234
129
224
500
390
112
230
210
104
336
124
480
114
81
132
330
204
80
232
376
324
175
258
32
196
390
140
360
204
52
246
180
384
296
208
440
66
400
195
116
92
105
125
168
155
294
152
162
180
306
102
80
180
376
216
26
430
96
400
117
28
450
175
468
41
124
336
370
162
352
198
357
120
290
230
144
100
420
64
343
342
196
360
34
468
369
180
282
37
182
430
165
200
390
145
230
70
52
84
31
240
114
216
440
272
255
400
120
282
180
250
129
64
49
78
252
90
315
468
410
210
480
370
52
176
99
500
160
174
368
216
100
378
155
441
76
54
90
204
408
41
120
235
288
156
301
32
100
273
140
138
245
156
210
186
288
185
189
132
33
153
80
116
282
180
175
430
96
147
152
280
225
34
416
82
240
192
185
104
215
231
350
39
290
276
175
200
42
31
343
38
108
440
306
102
40
240
470
216
52
301
128
294
117
56
225
70
156
41
93
144
185
54
352
198
350
80
203
414
36
250
252
224
245
76
252
270
170
102
164
120
188
259
182
258
33
150
351
168
460
70
312
294
186
432
76
216
440
68
306
320
261
141
360
25
258
96
245
390
84
135
68
520
82
60
240
111
260
440
330
250
360
58
230
70
125
42
62
196
342
162
315
340
510
160
300
94
180
78
301
192
150
39
56
138
35
104
328
155
48
111
27
440
297
255
200
203
470
324
225
378
224
343
228
280
225
306
104
369
90
376
111
260
86
132
350
312
174
460
70
175
210
155
480
76
162
176
102
102
360
30
94
72
100
43
288
294
117
112
90
210
364
369
93
192
185
78
396
165
50
120
87
230
252
75
294
248
98
152
81
45
102
306
164
150
141
148
234
301
256
50
312
224
322
35
