250
252
186
288
380
108
264
204
459
360
60
47
324
75
129
256
392
234
140
360
280
416
328
155
288
370
78
264
165
100
120
116
414
288
75
210
310
196
304
270
360
340
51
41
240
47
185
156
258
320
250
351
140
460
245
416
210
62
336
259
81
176
330
306
280
232
94
108
150
258
320
196
228
28
135
272
364
328
150
480
37
182
220
66
150
117
232
138
280
175
252
124
98
190
162
88
136
255
80
240
47
36
156
215
192
300
351
112
225
210
312
410
186
288
259
81
88
231
450
160
116
276
288
175
294
288
49
342
280
270
34
255
410
60
47
333
182
43
165
200
78
224
92
210
312
336
279
288
114
54
440
272
510
160
116
329
324
175
43
320
196
78
196
45
315
520
369
270
432
222
26
88
33
300
240
261
184
350
50
84
62
294
152
81
45
102
357
205
30
47
360
104
172
128
500
273
112
368
350
52
123
31
192
333
243
352
297
153
80
261
423
360
100
378
160
245
304
252
90
238
416
287
210
192
185
78
43
297
200
195
261
92
105
125
126
217
336
190
216
220
102
357
200
150
47
180
208
387
128
147
312
280
315
245
208
328
310
288
333
52
396
264
400
200
145
460
360
75
210
224
441
304
54
225
170
357
410
120
470
370
156
172
64
300
234
196
322
175
156
168
310
240
38
81
308
330
51
360
290
329
180
250
301
224
343
351
56
90
306
156
123
300
144
148
78
220
231
450
312
87
138
35
100
336
124
196
304
243
225
34
357
80
120
423
252
208
215
288
300
312
252
180
35
260
246
186
480
259
162
352
231
306
320
261
322
324
25
42
192
294
76
84
315
272
364
205
150
470
185
104
301
132
150
312
29
276
245
104
210
217
288
152
135
220
102
51
40
150
141
72
225
301
256
245
312
56
270
105
52
164
180
96
370
52
440
297
300
40
174
322
216
50
168
124
294
342
162
45
306
102
205
120
141
108
260
387
256
350
273
112
138
280
520
42
155
144
148
108
396
66
51
280
29
423
360
50
344
32
49
228
84
135
340
104
369
150
288
296
130
430
231
300
390
290
46
210
75
336
31
147
228
270
440
238
102
80
150
188
216
234
172
32
245
39
224
360
210
104
164
31
336
74
27
440
99
150
80
203
414
360
200
210
192
196
304
56
225
272
204
123
30
235
148
52
430
99
400
195
112
92
105
364
294
217
288
266
27
132
136
204
280
58
329
216
150
387
32
343
117
140
360
204
312
246
90
336
296
78
44
132
350
320
29
138
280
150
84
31
49
228
189
405
272
51
280
300
47
216
208
86
64
150
78
252
92
245
416
410
124
144
148
162
176
330
204
160
29
282
180
225
210
320
294
76
196
270
272
52
328
300
235
148
78
86
297
200
39
87
230
105
175
210
217
432
228
162
88
340
51
120
30
235
72
50
258
160
441
351
28
270
70
52
410
124
192
185
182
264
132
200
280
116
184
36
150
336
186
245
152
216
45
34
510
369
150
94
259
130
172
256
400
39
84
92
280
