94800
7785
26975
47876
33867
6270
50565
39879
14428
90944
112196
24981
5070
2322
7314
37212
40448
57825
158157
138418
6401
26013
94735
165924
24768
388
38246
27090
1904
10176
107502
11399
7122
23370
8843
14507
74424
70376
95040
10258
59066
71666
11021
7851
126336
171640
12211
32924
72730
9471
11130
23688
116772
7182
46632
54050
93954
31976
19394
12995
20634
34080
1660
4302
6000
34617
38170
6126
25602
69068
83457
60950
19008
34304
28852
31686
110706
131624
162210
32044
25730
14224
18900
123416
36841
40446
3960
27982
101368
58970
21396
30945
116928
67176
130720
76350
155944
4918
59210
14044
57360
65820
68369
15183
29906
16230
110224
34834
1014
27660
76140
633
71492
111573
17252
57537
8760
74328
90730
148250
7579
19137
11781
58893
1064
64812
19838
39092
10822
21852
29382
65268
90056
26980
27872
10896
129296
91602
108312
20470
157120
22998
9177
13562
56874
60248
22140
33777
121950
4008
6009
23997
160956
33090
72968
138130
65900
70720
79880
104886
13128
170870
33194
43680
13882
2577
35160
22191
13954
126672
17388
39488
139293
207
22904
50772
8788
16324
32036
19320
15564
1818
17415
58895
75460
93440
104346
56700
109991
153432
19712
85488
58959
5973
50058
79912
2916
17390
18232
78165
96825
183480
28820
19120
77812
4741
5421
8160
8125
59589
99834
101437
16651
112640
46065
65504
47360
39519
4108
10856
87564
77988
42978
41012
66645
19559
69153
90936
55932
6954
22520
44100
36564
12879
162333
55440
28926
46773
25620
27985
131896
19845
70885
17796
28424
35922
11496
52035
69985
5704
35928
40353
3669
14220
79107
18240
9151
40275
114858
138845
174340
6898
90410
115024
87420
6882
70072
32046
35400
98715
66456
46923
7027
9156
22420
24003
18024
12951
13941
22634
15368
8213
55782
42884
122206
34490
10762
129951
8520
37432
3425
612
12473
16995
97795
6336
1365
52485
138952
14900
18321
17573
177444
79132
5463
1148
43576
17100
114732
11604
129180
29840
40190
66588
126525
24112
148887
75138
2828
36762
5523
64808
22695
87766
14696
28844
11612
172755
101556
59910
18230
74564
43605
174051
36984
47850
23730
60220
19980
8178
18000
87184
67040
91882
65826
2574
101778
52611
29736
19128
15343
14976
76665
43812
156104
9168
111888
131144
7929
41470
45621
13942
49588
15984
40824
4470
136192
67110
18082
58212
172190
141030
41456
128403
49878
23816
134589
1155
11616
46045
108318
3258
50703
13412
7810
10484
50844
102240
16249
131890
13392
54020
48335
67876
90780
32540
156288
8420
24577
106312
14516
95665
28320
22630
66505
129710
79500
22312
83696
12420
31199
35316
98518
5708
73950
119270
19952
9828
55272
57270
98214
27696
57684
47064
163520
856
18076
34190
95544
21888
20025
50570
13715
21568
16014
5541
80904
23508
87275
53205
11462
33780
121660
16696
146574
30620
88398
56330
3798
26439
19632
154926
17250
34029
3753
45288
45552
3665
34986
5993
75572
26748
72660
134225
32106
35022
17960
10156
20436
4296
22086
72288
13780
16947
21046
43671
14595
54356
12149
43206
17584
141960
2932
142032
7030
14382
116136
83568
83920
66645
8352
4365
20056
136848
191710
16473
50040
26976
44540
53592
180225
7032
4268
37090
111790
23670
56118
42712
71432
30345
68060
29106
13472
138357
86710
10176
49427
69126
91984
10829
97783
35160
12636
114420
179290
27624
95850
71016
8696
59992
4317
2658
3146
198750
1815
19779
19312
26530
92940
23438
14259
28320
37140
104968
86229
50775
136227
32675
81544
58752
2036
6095
10752
6624
138536
25170
134330
16522
2110
29056
64885
7428
9830
99072
41544
93672
94596
43365
52935
19765
39550
99375
99865
47965
82838
8058
33350
133644
86670
35595
53312
4074
54900
33084
4032
9342
13664
18620
172206
14976
5440
44721
38720
54423
14842
43902
5325
118989
27840
121191
4758
59139
114138
17154
16644
48090
182270
20282
98
115560
5129
9180
13188
84200
108440
58068
33304
13950
55544
82662
108132
93141
14542
8707
1556
409
32720
45489
12768
147112
69055
23976
15111
107094
18205
87368
43326
53844
108143
24008
14371
74058
34210
4549
49810
76680
20040
20544
43305
36220
43482
49914
10362
17159
26208
91629
17466
8432
85850
34041
100450
172827
197630
106813
57375
