94800
6920
37765
95752
11289
37620
67420
17724
28856
45472
32056
49962
3380
774
2438
37212
35392
51400
175730
98870
44807
69368
151576
147488
13760
582
114738
15050
1904
2544
53751
68394
10683
27265
88430
101549
63792
8797
73920
92322
16876
102380
88168
5234
157920
120148
122110
82310
29092
18942
14310
19740
194620
1026
81606
86480
53688
63952
9697
12995
68780
34080
332
43020
8000
80773
76340
8168
42670
138136
9273
24380
38016
17152
72130
26405
18451
164530
113547
32044
5146
18288
21600
107989
26315
47187
2376
125919
25342
5897
3566
49512
58464
8397
39216
45810
77972
12295
94736
14044
38240
10970
9767
20244
59812
40575
82668
34834
2535
13830
126900
211
17873
47817
172520
191790
70080
123880
54438
148250
30316
12758
11781
196310
7448
162030
89271
117276
10822
98334
88146
163170
33771
18886
97552
25424
80810
40712
18052
61410
15712
114990
2622
67810
9479
52717
38745
11259
81300
668
2003
47994
107304
23163
182420
96691
59310
106080
199700
34962
3282
68348
23710
58240
13882
1718
41020
66573
111632
180960
11592
34552
139293
207
80164
126930
21970
11660
72081
173880
62256
1616
9675
106011
90552
56064
34782
37800
94278
119336
8448
99736
32755
5973
25029
91328
5832
1739
72928
34740
19365
18348
28820
23900
22232
47410
16263
40800
73125
66210
28524
130419
99906
14080
46065
131008
106560
105384
12324
21712
131346
136479
50141
92277
22215
39118
29637
121248
167796
4636
40536
25200
60940
25758
108222
11088
38568
140319
17934
55970
164870
11025
141770
2966
14212
47896
17244
104070
41991
22816
7984
40353
11007
37920
101709
13680
36604
48330
25524
59505
34868
20694
72328
86268
58280
34410
8759
96138
35400
59229
132912
109487
42162
54936
44840
24003
27036
51804
32529
56585
76840
41065
130158
85768
157122
31041
32286
86634
4260
18716
13700
2142
74838
33990
176031
6336
780
10497
173690
23840
36642
87865
78864
197830
9105
3444
38129
17100
172098
34812
129180
22380
16076
77686
126525
18084
148887
107340
14140
73524
789
81010
45390
75228
73480
7211
5806
172755
67704
47928
36460
95868
52326
19339
49312
14355
14238
84308
59940
57246
18000
32694
53632
105008
21942
1716
16963
52611
79296
33474
153430
17472
45999
58416
156104
9168
63936
147537
5286
24882
30414
55768
28336
71928
61236
31290
34048
93954
108492
74844
154971
84618
31092
128403
24939
5954
38454
11550
15488
46045
108318
6516
33802
134120
70290
52420
118636
76680
48747
79134
13392
54020
96670
152721
45390
81350
175824
6736
14044
79734
14516
133931
84960
11315
106408
111180
26500
55780
10462
14904
35656
41202
42222
14270
7395
107343
22446
88452
55272
57270
114583
4616
153824
5883
163520
7704
180760
61542
35829
19456
36045
50570
2743
10784
72063
16623
107872
3918
52365
63846
45848
20268
24332
6261
114002
153100
58932
22532
422
17626
19632
120498
17250
56715
3753
15096
30368
7330
69972
5993
18893
5944
14532
95875
16053
35022
143680
25390
10218
2148
58896
120480
31005
5649
21046
101899
29190
108712
48596
28804
17584
99372
733
142032
703
71910
101619
83568
33568
37025
33408
34920
7521
136848
153368
16473
16680
26976
89080
61248
120150
11720
5335
129815
11179
4734
18706
37373
17858
34680
68060
19404
33680
61492
173420
5088
28244
11521
34494
7735
97783
35160
50544
38140
71716
82872
28755
53262
52176
14998
43170
5316
25168
178875
1815
59337
193120
37142
139410
58595
19012
66080
14856
65605
9581
10155
97305
39210
20386
58752
509
12190
7680
4140
173170
45306
80598
165220
18990
36320
51908
16713
39320
44032
13848
46836
47298
43365
88225
197650
11300
19875
199730
76744
118340
40290
26680
95460
86670
35595
119952
10864
109800
55140
1344
46710
109312
3724
19134
7488
2720
29814
43560
42329
29684
7317
47925
132210
16704
103878
12688
19713
25364
5718
33288
33663
72908
101410
98
38520
5129
6120
17584
33680
54220
29034
16652
34875
62487
27554
180220
41396
21813
87070
1945
2863
16360
60652
89376
165501
9865
47952
151110
71396
10923
21842
33698
94227
15449
48016
20530
24686
34210
40941
39848
102240
10020
30816
72175
21732
144940
99828
82896
120113
21840
101810
157194
84320
85850
19452
100450
172827
59289
91554
22950
