15800
865
5395
11969
11289
6270
16855
4431
14428
11368
16028
8327
1690
774
2438
5316
5056
6425
17573
19774
6401
8671
18947
18436
2752
194
19123
3010
1904
1272
17917
11399
3561
3895
8843
14507
10632
8797
10560
10258
8438
10238
11021
2617
15792
17164
12211
8231
14546
3157
1590
3948
19462
1026
11658
10810
13422
7994
9697
12995
6878
5680
166
4302
1000
11539
7634
1021
8534
17267
9273
12190
6336
8576
7213
5281
18451
16453
16221
8011
2573
2032
2700
15427
5263
6741
396
13991
12671
5897
3566
6189
19488
8397
13072
15270
19493
2459
11842
14044
19120
10970
9767
5061
14953
8115
13778
17417
507
6915
12690
211
17873
15939
17252
19179
8760
12388
18146
14825
7579
6379
1683
19631
1064
16203
9919
19546
10822
10926
9794
16317
11257
2698
13936
3632
16162
10178
18052
10235
15712
11499
1311
6781
9479
7531
5535
3753
13550
668
2003
7999
17884
3309
18242
13813
6590
17680
19970
11654
1641
17087
4742
14560
13882
859
5860
7397
13954
18096
5796
4936
19899
207
11452
12693
4394
2332
8009
19320
7782
202
1935
11779
15092
9344
11594
18900
15713
17048
2816
14248
6551
1991
8343
11416
2916
1739
18232
8685
19365
18348
5764
2390
11116
4741
1807
8160
8125
6621
14262
14491
16651
14080
9213
16376
11840
13173
2054
5428
14594
19497
7163
10253
7405
19559
9879
15156
18644
1159
4504
6300
12188
12879
18037
5544
9642
15591
2562
5597
16487
2205
14177
2966
14212
11974
2874
17345
13997
5704
3992
13451
1223
4740
11301
4560
9151
8055
12762
19835
17434
6898
18082
14378
14570
3441
8759
10682
5900
19743
16614
15641
7027
9156
5605
8001
9012
12951
4647
11317
7684
8213
18594
10721
17458
3449
10762
14439
1065
18716
3425
306
12473
16995
19559
704
195
10497
17369
2980
6107
17573
19716
19783
1821
574
5447
1900
19122
3868
12918
7460
4019
11098
18075
3014
16543
10734
1414
12254
789
8101
7565
12538
7348
7211
5806
19195
16926
5991
18230
10652
8721
19339
12328
4785
2373
12044
6660
8178
4500
10898
13408
13126
10971
858
16963
17537
9912
4782
15343
2496
15333
14604
19513
3056
15984
16393
881
4147
15207
6971
7084
7992
6804
4470
17024
13422
18082
8316
17219
14103
5182
14267
8313
5954
19227
1155
1936
9209
18053
1086
16901
13412
7810
5242
16948
12780
16249
13189
3348
13505
9667
16969
15130
8135
19536
1684
3511
13289
7258
19133
9440
11315
13301
18530
13250
11156
10462
2484
4457
5886
14074
2854
7395
11927
2494
9828
9212
9545
16369
4616
19228
5883
16352
856
18076
6838
11943
2432
4005
5057
2743
5392
8007
5541
13484
3918
17455
10641
5731
3378
12166
2087
16286
15310
9822
11266
422
8813
3272
17214
5750
11343
417
7548
7592
733
11662
5993
18893
2972
14532
19175
16053
17511
17960
5078
5109
2148
7362
12048
3445
5649
10523
14557
2919
13589
12149
14402
8792
14196
733
17754
703
7191
14517
13928
16784
7405
4176
4365
2507
17106
19171
5491
8340
4496
11135
7656
20025
1172
1067
18545
11179
4734
9353
5339
8929
4335
6806
4851
6736
15373
17342
2544
7061
11521
11498
1547
13969
17580
6318
19070
17929
13812
9585
17754
8696
7499
4317
1329
3146
19875
1815
6593
19312
5306
15490
11719
4753
9440
3714
13121
9581
10155
19461
6535
10193
14688
509
1219
1536
828
17317
5034
13433
16522
2110
3632
12977
1857
4915
11008
13848
11709
15766
6195
17645
19765
5650
19875
19973
9593
11834
8058
3335
19092
8667
7119
13328
1358
10980
11028
672
9342
13664
3724
19134
7488
544
4969
4840
6047
14842
7317
5325
13221
2784
17313
1586
19713
12682
5718
16644
4809
18227
10141
14
19260
5129
1020
2198
8420
13555
14517
4163
6975
6943
13777
18022
10349
7271
8707
389
409
8180
15163
12768
18389
9865
5994
15111
17849
3641
10921
4814
13461
15449
6002
2053
12343
17105
4549
4981
12780
10020
3424
14435
7244
14494
16638
10362
17159
4368
10181
17466
8432
8585
4863
10045
19203
19763
15259
11475
