450
294
155
672
190
81
308
612
459
160
360
564
108
25
817
384
441
195
336
225
560
572
41
372
624
666
442
88
561
450
680
174
46
540
150
672
93
245
494
189
315
340
102
246
600
329
592
442
172
256
250
546
448
276
525
416
336
155
672
185
405
660
462
765
400
406
940
396
425
731
128
931
380
364
810
510
780
410
570
240
703
260
396
660
1000
273
87
322
490
400
504
496
294
494
378
748
306
1020
40
330
376
468
364
645
544
350
234
56
315
105
676
164
217
192
592
405
880
33
550
320
290
92
252
450
756
256
343
266
112
495
136
867
41
120
611
481
234
774
33
300
312
392
230
630
104
168
620
384
646
459
880
408
357
120
116
564
324
200
817
512
882
156
336
720
280
468
123
330
912
111
26
572
462
50
680
406
276
280
325
504
62
490
494
54
225
476
306
205
300
752
648
520
215
160
550
156
504
230
490
208
328
341
96
518
135
132
66
867
400
58
141
396
400
840
608
784
38
364
225
680
884
123
60
912
740
416
516
198
700
663
377
644
420
50
756
217
672
684
81
572
612
306
160
300
94
540
208
688
224
98
663
420
135
315
364
779
31
336
740
26
880
165
50
80
319
598
216
325
84
512
49
228
270
720
340
867
451
450
940
629
468
731
640
300
117
224
276
525
416
756
124
528
228
135
880
231
306
200
551
705
216
275
387
64
196
390
532
360
612
520
656
360
480
296
78
748
594
650
390
348
920
315
375
756
62
98
608
513
270
306
714
280
390
658
720
442
344
512
600
468
336
45
315
572
738
248
864
592
324
88
33
816
600
58
920
684
50
294
128
735
190
112
135
272
624
779
510
47
370
182
301
264
200
468
406
874
490
468
42
124
96
114
270
572
34
153
800
210
329
396
150
43
448
294
234
364
90
665
364
123
390
432
185
338
572
264
400
160
377
184
360
50
756
155
343
152
27
135
544
153
615
120
940
684
260
473
480
450
78
308
184
700
988
504
31
864
111
540
44
33
561
560
435
376
432
150
602
256
588
760
336
135
544
728
328
360
288
333
104
344
33
250
234
493
598
560
100
84
403
686
418
378
44
204
510
760
180
329
432
390
645
480
490
117
280
855
70
624
656
93
768
407
189
220
165
800
800
580
736
432
150
546
128
539
646
420
765
680
867
820
120
611
666
208
172
528
200
429
112
138
105
468
252
279
192
228
270
748
340
612
400
406
705
252
75
301
480
147
624
252
135
646
52
574
390
960
407
260
484
66
900
480
464
46
245
225
42
124
147
608
351
135
510
51
520
120
329
72
104
172
160
750
273
504
368
105
884
123
465
288
37
216
484
528
969
520
348
658
324
25
42
96
931
114
308
450
170
676
82
450
846
185
260
129
132
700
351
203
414
210
250
126
124
432
608
297
440
442
714
200
270
799
180
125
344
64
686
390
140
135
105
728
697
279
624
74
208
748
660
600
160
319
920
180
200
378
434
637
418
135
135
544
510
574
270
517
259
208
172
448
450
741
308
46
490
