350
336
403
432
532
27
484
646
612
440
120
658
144
75
344
224
931
429
392
315
210
260
369
372
144
629
130
528
429
1000
520
87
874
180
75
210
434
931
570
270
810
442
969
656
540
470
629
416
817
544
1000
546
196
138
665
728
336
62
576
222
432
88
297
357
520
551
282
216
300
817
96
686
342
140
360
34
208
205
480
480
481
494
44
132
800
507
203
184
700
75
798
527
686
304
405
44
578
612
480
240
611
36
364
215
192
350
39
392
315
420
728
656
217
576
592
405
528
429
1000
400
174
920
612
250
126
32
490
38
56
315
204
816
287
30
329
185
260
731
198
750
390
364
322
385
260
336
341
672
114
108
792
578
255
40
232
846
36
350
817
352
833
546
140
135
630
572
287
90
192
148
156
748
99
750
640
580
46
245
325
588
403
637
304
351
900
340
816
246
510
141
288
156
602
352
950
663
252
506
35
364
287
496
960
74
162
880
297
51
320
464
564
252
300
294
128
343
190
252
495
170
780
451
420
720
148
494
473
66
400
78
348
598
595
375
756
62
720
114
135
572
374
255
400
600
470
648
520
129
544
588
234
560
765
280
884
697
186
48
111
286
176
297
950
600
435
736
504
225
798
96
392
494
81
630
408
765
574
360
235
629
156
215
416
200
741
308
414
665
52
210
589
480
684
243
836
330
357
360
319
705
576
350
559
96
392
702
504
630
374
572
41
60
912
111
312
880
396
650
585
493
322
175
175
798
372
931
266
351
45
136
969
400
90
235
540
26
602
416
200
702
308
360
490
104
697
496
864
74
405
220
33
255
40
232
322
648
450
168
96
294
38
532
900
476
676
656
420
376
555
156
43
231
750
312
290
414
595
416
546
372
672
608
27
660
136
969
40
360
611
396
400
430
224
931
546
448
720
70
572
369
390
720
259
520
352
99
650
360
580
46
684
275
378
434
882
684
432
360
68
612
697
510
658
648
104
86
192
550
273
112
230
665
312
588
434
240
407
243
704
561
102
80
551
517
612
50
430
32
147
380
364
180
374
1040
615
30
96
37
78
817
66
100
585
203
782
595
275
378
403
735
304
270
704
340
408
520
570
376
684
52
774
640
441
156
196
180
665
884
451
589
624
592
81
748
264
250
160
203
46
432
250
210
576
441
228
336
135
136
153
779
60
329
444
520
430
33
950
390
168
874
350
156
252
341
912
570
540
880
646
102
320
145
376
648
450
645
448
735
507
392
90
442
312
697
570
528
111
182
440
33
350
760
580
736
630
175
756
465
490
380
189
45
578
204
680
210
658
288
156
817
224
1000
585
28
276
455
676
328
527
288
37
432
176
396
510
720
87
846
396
100
336
256
196
114
448
765
476
104
451
450
705
481
390
688
99
950
195
522
828
700
125
84
248
96
190
459
660
374
765
360
60
564
612
500
258
256
49
273
392
45
455
780
656
527
768
148
520
264
297
1000
640
174
598
396
275
630
93
343
494
270
855
476
816
369
360
188
370
286
344
480
600
234
336
690
350
