275
42
279
768
190
378
44
680
816
760
420
282
720
75
387
384
931
624
420
360
490
676
41
589
864
407
494
176
660
900
120
435
460
576
200
546
434
588
266
540
675
578
867
492
510
705
370
442
860
384
600
585
112
368
140
1040
756
279
432
333
540
572
99
714
320
551
517
216
275
688
288
784
608
448
405
272
780
246
90
240
296
442
396
561
750
585
348
598
105
500
126
558
931
646
432
484
408
816
760
540
376
180
156
860
64
50
78
308
855
35
572
410
372
192
555
216
572
363
900
480
290
92
396
475
126
608
392
342
280
270
340
714
205
480
188
185
182
860
264
400
78
392
506
280
364
504
217
576
760
432
484
646
918
40
551
611
216
425
258
128
980
507
28
765
560
936
656
330
768
629
468
220
528
350
600
406
368
70
475
672
465
392
722
459
360
476
663
574
30
893
576
494
688
544
550
429
28
92
350
468
492
62
720
185
540
572
198
1020
40
87
47
540
500
336
192
245
494
336
225
510
884
246
360
480
481
208
43
363
1000
390
87
552
490
400
168
93
720
570
297
308
646
918
600
180
423
396
468
129
608
882
585
56
765
595
520
41
496
528
407
182
792
33
600
280
377
506
720
400
210
448
833
266
540
540
68
765
41
360
141
259
52
602
640
700
585
168
138
175
936
168
341
624
684
216
792
495
51
240
464
799
396
200
645
608
882
195
112
450
646
312
410
90
384
592
104
704
264
50
546
203
874
70
425
504
527
343
76
378
810
306
867
280
420
799
144
364
645
192
350
702
364
630
385
728
82
403
768
592
324
528
627
612
600
232
506
360
100
42
352
735
608
140
540
34
520
82
180
517
666
520
731
594
150
39
522
506
385
884
630
155
336
418
432
748
340
612
640
150
94
612
25
215
320
196
39
280
135
420
104
615
300
912
296
104
572
429
50
680
116
644
144
75
462
372
637
532
81
360
340
51
369
450
564
72
52
86
320
550
702
280
92
630
988
210
155
768
37
351
836
660
102
520
290
940
360
500
344
352
686
456
476
90
272
676
287
540
336
481
260
688
165
300
390
348
506
595
100
672
62
833
304
216
528
102
510
240
270
423
720
364
559
256
980
78
56
90
315
624
287
589
864
37
243
792
594
700
640
174
506
144
250
42
608
637
152
420
90
646
969
697
450
329
111
416
43
627
850
156
364
644
630
936
168
248
48
304
486
440
442
1020
160
174
846
144
300
86
128
637
351
308
405
476
676
205
360
720
296
104
220
396
400
560
116
230
525
325
798
527
735
494
162
270
646
612
640
570
470
576
234
516
64
900
78
532
782
700
780
164
465
384
296
81
484
528
204
560
58
423
216
325
126
288
441
570
84
630
374
104
369
270
188
444
156
602
297
500
468
493
230
700
350
840
310
576
342
81
836
136
408
600
540
94
324
500
731
512
686
195
28
900
245
936
287
465
384
740
338
484
198
500
240
464
644
36
400
420
124
490
532
243
405
34
306
574
120
329
444
182
430
160
550
468
308
598
105
