400
462
248
432
152
486
308
680
1020
480
330
752
648
50
258
160
833
39
84
675
560
156
41
434
240
703
260
528
33
250
520
551
460
324
375
336
372
343
342
108
450
272
1020
123
30
329
222
208
172
544
700
546
420
874
70
728
588
496
432
592
432
220
66
204
120
58
470
36
450
344
544
441
304
420
810
204
676
41
90
864
555
416
704
660
600
312
203
460
175
125
462
217
931
304
540
220
170
459
200
360
752
576
390
258
480
750
351
336
675
385
104
246
124
816
629
324
264
99
200
400
493
460
504
50
336
416
343
646
224
855
442
918
656
540
799
370
156
43
330
750
429
532
828
280
624
714
620
480
570
432
88
442
969
320
551
282
612
275
344
160
98
195
308
450
490
156
574
480
912
370
364
660
495
850
120
493
874
595
350
294
434
147
304
513
495
680
510
451
570
235
108
104
774
352
750
234
224
506
70
156
820
279
720
259
432
704
627
714
200
377
329
612
475
546
384
490
722
560
720
510
988
123
480
864
185
130
43
66
900
156
29
46
140
225
252
527
672
532
540
88
442
306
440
90
517
576
286
817
352
196
351
532
90
665
676
615
124
48
629
26
44
297
600
680
464
276
324
150
252
512
490
722
351
630
408
255
820
300
799
259
52
516
128
750
156
532
690
175
572
126
186
336
342
189
352
363
408
560
435
564
540
400
688
480
343
351
140
585
374
936
656
330
96
259
78
44
330
950
585
580
138
315
25
672
496
147
228
459
45
476
153
760
600
94
576
234
559
416
700
780
448
405
560
260
123
465
192
222
270
352
396
663
560
493
368
72
175
210
384
343
494
532
540
170
624
451
540
705
481
416
301
363
50
624
522
138
70
832
252
527
384
760
270
660
442
459
560
90
282
468
75
387
640
980
273
364
360
140
988
533
180
720
407
338
440
297
400
760
58
874
396
75
840
341
637
494
189
45
68
663
287
390
235
144
52
516
96
650
351
56
690
595
780
84
310
816
148
81
308
396
357
640
232
940
504
300
258
512
294
760
308
855
612
676
615
450
768
74
286
516
330
850
741
551
92
560
75
252
589
980
494
540
880
136
561
400
540
282
576
26
86
160
931
312
196
180
245
260
533
527
912
259
432
396
462
50
240
87
368
504
450
756
320
147
456
448
720
102
255
820
90
799
333
156
516
99
950
468
392
138
560
728
504
341
864
760
162
220
272
612
480
145
846
396
450
688
32
686
273
28
225
170
936
246
600
384
296
312
220
594
750
680
580
736
140
300
294
372
980
532
270
720
204
714
680
300
752
324
364
387
384
550
78
420
230
595
416
164
31
192
666
324
88
561
918
80
522
752
396
325
420
384
49
418
504
180
34
572
697
30
188
37
468
774
462
800
780
464
414
315
400
588
93
912
266
405
792
612
714
520
210
611
360
325
473
256
392
312
280
675
525
468
779
434
384
259
416
836
165
250
560
174
782
144
500
126
372
49
228
189
720
340
357
738
480
376
370
286
86
352
300
156
560
460
35
