375
336
62
576
760
432
616
476
255
80
510
470
36
375
731
288
637
351
28
180
385
780
615
310
672
481
130
176
660
1000
640
493
506
504
275
210
341
539
380
135
405
374
918
574
390
705
222
520
258
608
1000
78
420
276
175
728
672
620
432
74
378
44
132
561
360
116
376
612
150
645
256
882
532
504
765
238
416
820
150
336
666
520
748
429
250
195
348
414
490
425
588
186
931
532
378
132
68
408
480
390
564
576
234
774
64
900
390
196
720
105
520
779
186
672
185
432
352
396
50
520
58
92
108
125
588
448
490
494
56
855
476
153
410
600
94
703
78
43
66
1000
156
392
598
420
988
462
310
528
380
216
88
68
204
640
493
423
468
125
688
320
294
39
308
270
175
572
738
570
816
555
182
88
528
350
240
116
644
455
300
546
589
196
76
405
90
612
663
123
120
752
108
182
387
32
250
468
56
46
490
468
246
155
720
518
243
352
330
969
400
406
517
180
350
504
64
539
266
280
720
544
468
123
90
672
37
156
731
396
950
468
203
828
630
400
462
372
960
684
432
484
646
306
80
270
141
432
286
258
544
294
312
56
180
455
468
328
31
384
185
520
704
495
450
400
290
368
288
125
798
320
588
570
459
630
544
510
82
300
752
555
130
387
416
450
780
448
230
595
364
420
124
912
38
378
660
99
51
80
580
893
540
450
430
320
294
780
476
270
646
988
328
90
624
333
130
176
165
850
195
406
552
595
300
840
496
98
228
270
765
646
153
40
330
564
576
494
817
608
150
468
476
405
280
468
492
403
576
148
135
352
330
357
360
261
92
540
25
714
32
686
266
84
360
646
572
820
300
376
407
390
774
297
550
780
29
736
245
208
210
527
288
114
108
132
204
663
400
150
188
612
75
473
288
441
624
504
765
665
364
615
450
96
592
52
528
33
750
40
580
552
36
325
210
403
343
228
405
585
204
459
287
150
658
396
390
215
32
800
780
476
92
315
832
84
496
816
740
216
660
660
867
640
464
517
216
175
860
608
980
532
196
585
646
208
697
300
576
333
234
172
627
900
312
493
552
525
475
210
527
294
494
135
880
34
204
560
360
188
396
520
817
352
294
624
280
675
630
832
164
372
528
296
189
308
99
750
760
232
138
252
250
672
352
637
114
560
630
136
765
533
360
94
185
104
43
33
100
234
448
782
490
520
840
589
576
646
405
88
34
612
160
145
517
288
425
86
448
343
156
560
45
374
364
656
390
960
259
156
792
495
950
240
464
460
455
150
252
403
833
760
432
495
238
153
120
360
282
324
182
774
512
250
39
420
506
525
1040
287
124
480
370
243
880
297
204
760
551
611
324
275
798
416
294
342
196
810
306
52
779
150
752
555
78
516
495
400
546
493
506
35
375
84
341
192
684
135
528
102
204
40
210
141
648
350
645
160
49
624
336
855
140
468
369
372
672
518
78
880
462
650
600
377
46
108
275
84
279
392
342
27
135
34
306
533
360
517
555
338
430
480
600
546
364
552
525
