475
714
124
480
190
27
660
442
918
120
450
47
72
350
774
96
441
312
392
540
665
832
205
248
960
555
338
616
132
100
440
261
184
540
75
462
62
49
608
378
45
102
765
492
120
846
37
26
645
512
900
351
168
782
350
624
504
465
672
148
459
616
528
816
80
406
658
576
125
129
640
294
228
504
360
340
988
164
270
336
37
494
220
132
600
234
435
276
420
500
672
558
392
266
378
660
306
102
680
570
188
216
52
516
608
950
351
280
675
455
988
738
558
48
111
162
264
363
650
200
58
828
252
350
168
32
882
684
56
225
408
816
82
90
611
222
52
559
264
750
78
224
552
385
1040
504
620
192
418
108
572
510
663
120
406
658
180
475
559
384
882
507
196
585
70
260
492
240
624
629
416
308
165
100
800
145
276
385
225
504
62
882
38
351
900
306
51
820
450
846
540
182
774
512
200
702
196
460
140
104
82
31
672
481
297
792
330
867
400
232
893
288
25
42
288
686
76
224
495
476
52
738
600
768
74
338
387
627
400
624
348
920
35
250
420
465
960
76
297
792
272
102
360
480
47
180
416
731
608
49
234
420
630
315
624
164
217
48
74
286
88
132
1000
720
319
736
396
250
672
224
882
646
27
810
340
306
656
300
47
481
156
731
192
850
429
28
690
210
624
462
248
288
38
324
220
594
612
120
319
564
72
100
301
352
294
351
420
135
102
780
738
510
768
444
26
528
132
350
780
116
782
315
75
714
31
588
114
270
180
170
51
40
480
423
72
234
516
96
550
546
532
900
245
364
205
496
672
740
135
572
594
969
760
261
690
288
425
630
640
343
76
532
225
408
312
287
600
94
481
52
516
462
350
546
58
690
105
260
420
124
336
608
189
880
340
1020
120
150
517
648
75
817
256
686
507
532
450
245
728
410
210
672
444
182
132
330
550
800
261
552
504
450
168
372
98
684
513
495
136
510
533
240
188
648
390
860
576
950
624
392
368
280
104
210
217
48
333
135
308
264
408
680
493
376
144
475
559
32
245
418
28
900
170
832
41
270
48
37
260
344
594
700
507
406
782
350
375
84
496
245
494
54
264
510
561
640
510
940
504
364
301
448
833
39
336
315
560
364
697
62
864
629
135
308
231
100
760
435
46
108
500
798
576
294
380
420
720
68
765
492
120
799
481
130
172
33
950
663
392
322
455
780
714
186
816
114
378
792
646
663
40
29
611
468
425
731
96
294
624
532
90
340
312
492
180
864
333
338
484
561
50
560
522
138
525
500
210
186
490
152
540
900
510
1020
600
30
329
144
52
774
64
850
273
252
828
35
1040
738
372
432
333
459
660
594
969
80
261
846
288
175
378
448
539
684
364
675
170
676
82
180
188
259
78
731
33
700
546
406
460
70
275
840
589
768
380
216
44
578
816
720
30
329
540
425
258
352
392
585
112
225
490
884
697
496
48
370
78
484
363
800
720
116
368
540
175
126
310
294
152
432
495
442
255
369
480
940
740
234
387
256
350
156
448
828
210
