325
168
62
336
342
27
484
544
357
520
540
893
144
50
731
32
490
156
448
495
490
1040
369
217
96
592
156
176
561
850
600
435
138
504
475
798
124
637
418
459
675
204
408
574
240
470
111
104
86
288
900
429
420
828
490
780
168
155
624
407
432
264
594
153
720
145
893
144
150
688
576
980
684
476
540
204
468
779
570
144
740
338
44
561
500
156
348
828
385
300
294
465
392
76
243
308
510
714
280
120
799
396
312
817
416
800
39
448
180
490
1040
369
279
864
148
243
440
33
50
80
261
92
540
300
588
64
245
304
112
90
476
510
82
450
940
592
156
817
462
850
234
168
828
595
572
420
155
720
266
243
396
646
816
760
580
235
432
100
860
512
343
546
392
495
315
780
492
510
720
666
208
704
99
100
440
203
874
175
300
798
62
686
608
405
180
612
561
287
390
47
144
416
430
256
50
351
56
276
420
676
82
62
480
148
189
176
462
663
640
435
564
180
400
42
480
196
190
420
855
510
208
615
420
336
407
26
602
330
300
585
174
874
700
25
420
217
816
684
108
704
476
765
520
150
282
540
52
215
384
490
312
84
585
280
988
123
341
816
370
364
396
528
250
440
406
92
360
325
630
544
294
76
189
630
680
51
533
120
517
444
52
258
416
150
312
252
46
700
832
336
93
240
190
54
616
429
765
560
377
517
360
25
473
256
294
351
168
180
476
988
369
240
528
296
156
748
462
150
585
522
46
420
450
126
248
833
76
297
675
272
306
160
240
611
540
468
774
416
500
468
308
540
175
728
164
341
192
37
405
44
396
612
640
29
552
216
500
504
64
882
494
504
720
306
520
123
150
329
407
494
817
594
950
546
174
506
630
676
840
155
624
304
297
616
34
102
520
180
517
432
75
516
96
784
741
420
540
105
988
287
480
816
333
494
484
231
150
240
435
322
324
225
462
527
49
114
540
720
476
306
164
210
423
504
78
559
288
650
117
308
230
490
572
336
155
240
185
243
660
66
867
160
29
188
324
425
172
192
931
570
84
900
612
936
369
60
864
740
234
344
495
500
702
116
230
455
425
168
496
980
304
27
44
578
51
440
510
846
684
520
43
352
833
78
504
180
315
52
287
217
480
37
297
88
594
200
80
319
598
288
275
714
448
931
722
56
270
136
408
123
120
658
518
494
430
462
50
195
84
276
350
728
630
434
432
190
459
176
170
612
760
493
329
468
150
86
480
441
780
476
810
306
988
451
600
144
222
338
44
627
250
40
232
368
105
225
588
372
686
456
432
180
476
663
480
480
799
144
182
43
320
950
780
336
92
350
416
697
589
624
370
108
572
297
612
80
493
611
180
475
462
224
245
190
224
45
544
260
369
540
752
481
234
172
198
700
156
203
874
420
300
672
279
528
684
351
176
578
51
440
510
329
684
200
430
64
833
312
336
405
315
260
656
527
816
444
494
792
561
200
760
174
46
504
500
546
372
637
760
189
270
408
1020
574
150
705
518
156
215
256
700
702
224
138
210
