200
252
527
144
114
216
660
170
459
360
480
940
216
475
645
352
931
117
252
450
595
988
410
31
48
703
260
572
363
900
360
377
368
684
125
420
558
833
608
486
45
544
408
656
390
752
518
234
817
512
350
585
476
92
385
416
378
155
576
148
513
176
594
765
160
406
235
648
475
645
320
735
532
420
630
476
676
82
600
144
703
104
880
231
600
234
377
414
175
275
798
620
343
152
405
616
646
816
40
510
564
504
390
473
608
200
39
336
630
245
988
574
496
96
370
243
660
528
800
160
261
92
432
375
630
64
245
456
28
135
408
612
410
270
940
370
52
860
660
900
429
420
506
175
624
546
217
768
342
243
792
306
612
440
319
752
468
350
301
256
539
351
168
45
385
52
779
330
336
37
390
264
528
800
200
493
230
560
325
798
341
833
684
432
90
612
969
369
180
658
468
26
344
448
700
780
504
46
210
780
574
310
432
666
162
880
330
357
480
58
94
576
500
546
128
686
456
224
720
544
780
697
270
240
333
416
172
462
500
741
87
874
140
325
294
434
912
418
27
704
204
561
800
180
564
72
104
559
640
147
468
392
900
560
884
82
496
960
629
130
308
66
800
80
29
782
108
175
294
320
931
38
135
315
544
510
328
180
658
703
156
387
640
500
156
504
46
105
676
798
372
960
760
108
176
198
969
400
406
423
72
200
129
128
882
195
504
675
680
208
369
420
576
703
312
176
99
250
39
203
368
665
50
504
620
637
532
378
855
306
255
280
570
470
252
468
301
512
600
390
168
765
595
520
533
248
768
592
216
440
594
561
80
232
46
216
375
672
160
147
570
532
315
102
676
246
360
94
407
312
301
198
700
585
580
920
175
468
420
527
384
570
135
572
612
765
640
570
376
612
425
817
288
980
117
168
765
490
780
246
510
768
592
234
704
594
650
800
87
92
360
25
630
403
294
760
351
900
442
561
246
300
188
396
416
344
96
850
78
140
46
350
52
378
93
48
555
108
836
99
255
800
261
376
288
375
86
192
686
456
420
765
136
520
820
390
384
444
286
43
99
950
273
348
322
105
75
42
124
539
646
270
528
442
765
320
90
376
576
52
86
96
735
351
532
315
105
780
492
434
48
592
216
44
198
200
600
203
690
252
200
840
512
98
114
28
180
340
969
246
420
282
111
468
860
198
300
351
28
46
490
156
294
527
624
418
243
836
476
663
80
174
517
108
225
344
352
882
78
252
720
102
156
738
30
96
370
286
88
99
550
320
87
184
665
275
840
434
98
190
432
585
680
357
360
480
752
720
364
602
64
550
351
476
506
455
260
451
496
576
37
243
264
198
510
520
261
94
468
475
378
544
686
152
448
495
306
208
697
180
752
592
104
172
330
900
702
116
598
70
300
756
31
144
722
432
484
408
816
80
540
282
468
400
774
416
539
78
252
405
350
156
410
279
240
740
234
220
429
800
40
493
828
72
300
84
93
539
152
216
675
578
714
246
420
799
333
520
645
64
500
195
252
138
490
