250
714
558
240
418
135
616
680
969
80
120
799
432
100
172
128
539
546
448
360
280
936
492
93
528
555
364
440
462
800
80
348
92
504
450
42
620
882
266
459
315
102
969
328
270
658
407
52
258
512
550
663
392
92
280
520
504
403
336
296
189
792
627
255
320
290
940
432
125
387
352
735
76
308
135
374
572
656
510
240
481
182
792
594
50
273
174
414
175
375
126
403
196
646
351
264
578
663
760
450
423
576
364
258
224
800
39
196
810
420
468
656
558
720
222
378
748
132
950
280
116
920
180
150
798
288
147
228
224
225
578
51
533
180
564
296
494
387
132
850
468
252
506
420
468
126
558
960
228
297
792
578
408
120
261
47
72
200
516
416
392
39
196
270
595
260
574
480
336
407
260
880
33
500
600
551
828
455
300
630
124
686
646
513
630
170
153
287
150
564
72
442
602
192
900
546
504
506
455
520
287
310
720
481
54
748
594
306
280
29
893
216
300
756
480
294
646
560
450
442
780
287
390
336
111
338
301
264
50
702
290
598
70
100
672
186
624
190
459
44
272
357
520
300
940
72
442
430
512
490
741
84
135
490
416
369
248
96
296
104
88
132
650
560
232
598
504
150
210
544
441
456
297
450
102
510
41
540
517
555
520
559
160
300
741
336
138
140
52
714
310
816
532
81
88
429
714
80
58
282
468
25
430
448
931
39
112
675
306
1040
451
210
816
740
104
572
165
500
351
87
46
490
325
672
558
882
380
297
720
272
255
120
420
564
72
156
387
160
350
663
532
315
420
468
369
31
720
111
81
44
495
306
800
493
552
36
150
336
32
588
38
392
630
510
208
369
540
517
296
208
301
132
800
117
261
690
665
572
504
279
144
228
513
792
204
510
760
180
282
36
150
731
576
147
468
168
90
595
988
492
150
192
555
338
792
33
200
240
406
920
504
150
462
62
539
76
432
360
170
459
820
90
376
720
260
344
64
400
234
336
92
210
832
378
620
624
185
216
792
264
867
400
290
94
288
400
559
384
441
266
560
855
646
468
205
540
576
629
26
301
264
50
663
406
414
140
250
756
434
392
190
513
88
578
561
40
330
94
324
442
688
128
539
741
28
495
140
936
205
217
720
592
162
176
66
1000
80
464
414
360
225
672
608
392
722
112
135
544
204
656
270
47
37
182
387
396
650
663
476
414
595
676
462
496
336
608
270
396
680
663
520
377
47
540
125
344
416
637
78
280
720
306
208
205
30
864
148
468
44
231
700
680
580
322
595
125
504
155
882
722
270
45
340
357
760
240
564
144
338
43
160
650
780
308
736
525
624
205
434
672
666
270
792
66
357
160
406
329
468
400
714
96
735
418
140
405
612
156
328
330
376
592
338
387
198
1000
663
232
920
280
25
294
620
576
304
540
528
170
663
80
510
846
432
175
258
640
882
585
224
450
35
156
123
279
960
740
416
440
495
550
360
464
322
540
375
84
279
931
760
54
855
476
765
738
90
940
370
312
559
352
950
624
420
368
700
