50
462
310
192
152
189
704
136
408
400
420
376
144
25
688
576
980
78
448
810
490
988
451
465
624
74
104
792
561
400
40
261
184
396
225
420
496
490
608
216
360
306
408
492
600
752
296
364
860
512
100
156
392
782
420
260
504
248
144
592
297
88
297
51
760
203
752
36
75
172
544
539
760
364
810
646
780
369
30
960
444
156
836
33
550
468
58
920
420
400
798
155
833
114
459
396
510
255
520
390
799
72
338
301
640
1000
234
280
135
490
208
123
620
576
333
54
572
198
800
680
580
46
612
450
84
416
833
266
84
180
170
204
615
570
517
740
130
774
165
300
273
224
138
210
572
546
496
768
190
324
44
238
867
480
406
188
504
150
645
128
441
117
196
405
210
832
656
210
240
259
286
704
264
800
360
174
184
350
125
42
620
441
228
54
675
680
408
656
270
188
432
442
645
96
1000
780
280
230
385
104
451
589
240
407
216
44
627
612
480
522
752
576
500
840
256
637
380
168
720
238
780
779
360
720
185
208
731
132
700
117
145
874
175
75
336
341
192
152
81
352
238
102
160
30
752
396
182
516
64
294
351
364
855
315
884
410
124
288
259
130
220
198
400
240
58
828
576
200
714
352
784
76
513
450
238
969
164
240
752
37
442
516
576
750
663
196
736
700
312
168
248
192
532
486
264
165
663
80
493
47
720
500
301
480
147
468
112
900
272
156
615
540
480
333
520
792
594
400
702
29
322
525
225
630
248
882
152
108
360
238
765
80
270
893
324
338
258
320
600
429
280
45
525
832
41
31
528
296
324
484
561
867
200
203
414
648
100
168
544
49
684
168
855
272
884
451
60
235
666
234
688
528
950
702
174
506
595
832
504
248
720
114
324
616
340
204
440
240
329
72
375
43
416
686
546
448
90
455
364
328
90
192
703
78
616
99
200
760
319
506
288
25
840
248
784
266
108
315
306
102
328
480
752
720
78
645
32
350
624
532
322
35
728
168
558
912
185
54
44
330
612
680
145
94
576
125
172
416
294
342
420
450
170
520
574
540
432
592
208
215
396
550
78
406
506
175
475
840
31
539
304
351
660
680
204
200
30
705
216
52
860
384
784
702
560
45
280
572
451
31
864
148
513
880
462
900
360
261
506
504
275
630
576
147
570
252
450
204
102
451
270
94
444
78
516
363
700
624
252
46
665
312
84
124
624
608
297
880
680
408
80
29
141
288
225
129
320
98
468
504
90
442
832
41
570
144
333
234
616
396
500
680
261
46
70
25
84
310
98
38
270
630
306
612
360
600
705
468
442
301
320
900
585
336
276
420
728
41
310
864
703
540
220
330
663
560
145
517
540
350
84
96
343
646
56
720
680
572
123
90
799
148
156
172
429
600
234
348
92
630
100
504
589
528
760
27
440
272
204
440
30
705
108
400
387
96
686
351
448
720
455
364
164
62
384
222
208
176
627
750
520
464
92
216
300
420
403
196
532
459
405
340
459
533
570
658
370
312
731
640
300
351
280
138
630
