284400
10380
10790
179535
33867
37620
84275
8862
129852
215992
32056
83270
6760
12384
9752
95688
10112
19275
52719
138418
57609
26013
56841
313412
16512
1358
286845
24080
24752
17808
107502
136788
7122
11685
8843
232112
106320
17594
95040
112838
33752
81904
88168
31404
63168
171640
36633
115234
116368
50512
15900
71064
58386
1026
139896
54050
13422
143892
96970
207920
13756
113600
3154
21510
15000
57695
152680
11231
102408
293539
64911
48760
12672
137216
7213
36967
110706
115171
16221
104143
15438
2032
18900
277686
36841
87633
7128
223856
50684
70764
60622
123780
389760
33588
52288
45810
253409
41803
82894
70220
305920
219400
166039
30366
14953
48690
82668
261255
5577
82980
76140
1477
285968
111573
51756
345222
105120
148656
326628
133425
15158
95685
31977
333727
17024
16203
99190
351828
173152
174816
176292
114219
146341
2698
278720
14528
258592
101780
342988
173995
219968
68994
10488
74591
142185
128027
16605
41283
54200
8684
32048
7999
268260
26472
91210
221008
131800
353600
199700
221426
14769
17087
90098
101920
41646
6872
41020
44382
153494
180960
75348
19744
378081
828
11452
76158
30758
44308
40045
231840
155640
1010
19350
82453
45276
168192
69564
226800
125704
272768
2816
270712
52408
29865
91773
125576
43740
3478
273480
17370
213015
128436
109516
33460
88928
42669
18070
138720
162500
33105
14262
86946
49953
56320
36852
65504
82880
144903
28756
43424
29188
194970
21489
92277
74050
195590
69153
121248
279660
4636
76568
12600
60940
180306
306629
77616
144630
311820
28182
33582
313253
44100
113416
53388
85272
143688
17244
294865
251946
22816
71856
269020
18345
37920
33903
31920
137265
88605
127620
19835
52302
75878
361640
71890
262260
30969
17518
64092
35400
98715
149526
62564
21081
18312
112100
120015
126168
259020
60411
215023
61472
24639
204534
182257
244412
55184
43048
288780
6390
168444
61650
3672
12473
84975
58677
12672
3510
125964
347380
50660
18321
35146
295740
79132
32778
1148
81705
5700
38244
50284
38754
134280
48228
11098
271125
21098
198516
118074
9898
171556
15780
162020
45390
37614
110220
43266
11612
230340
287742
83874
164070
21304
122094
174051
197248
23925
23730
180660
6660
24534
58500
185266
241344
39378
76797
12870
237482
157833
29736
71730
260831
14976
214662
204456
292695
9168
95904
213109
16739
78793
45621
55768
63756
95904
13608
67050
153216
214752
216984
91476
154971
155133
82912
271073
41565
95264
57681
3465
9680
64463
90265
15204
202812
13412
156200
5242
152532
115020
194988
224213
66960
270100
145005
305442
136170
154565
351648
10104
24577
225913
7258
382660
151040
124465
252719
370600
66250
89248
136006
42228
40113
52974
98518
42810
103530
47708
19952
49140
64484
47725
327380
92320
384560
52947
114464
4280
325368
54704
107487
12160
24030
20228
35659
10784
160140
22164
13484
74442
226915
127692
97427
30402
218988
31305
325720
244960
68754
225320
7174
44065
49080
137712
115000
158802
4587
37740
136656
1466
23324
65923
264502
35664
29064
134225
256848
175110
107760
50780
56199
17184
110430
132528
58565
112980
10523
276583
20433
190246
72894
100814
17584
241332
1466
142032
11951
43146
246789
111424
335680
133290
29232
52380
50140
17106
383420
93347
41700
26976
44540
99528
300375
5860
19206
18545
167685
14202
149648
96102
62503
60690
20418
43659
121248
307460
52026
27984
56488
149773
68988
17017
13969
158220
101088
95350
215148
82872
28755
53262
104352
134982
82023
1329
59774
59625
14520
52744
135184
26530
278820
175785
85554
84960
3714
65605
76648
192945
175149
98025
163088
88128
6108
6095
27648
14904
294389
25170
120897
264352
18990
14528
220609
24141
98300
110080
152328
70254
220724
6195
17645
197650
84750
337875
339541
115116
142008
16116
33350
152736
121338
56952
133280
25802
208620
143364
12096
149472
218624
63308
363546
59904
10336
49690
4840
108846
281998
58536
90525
237978
11136
311634
19032
19713
38046
11436
233016
9618
364540
40564
280
327420
66677
12240
13188
151560
257545
232272
58282
20925
55544
247986
216264
124188
79981
104484
3112
2863
40900
227445
76608
55167
59190
77922
75555
142792
50974
54605
67396
134610
293531
54018
14371
148116
324995
18196
9962
102240
120240
34240
115480
65196
43482
199656
82896
17159
74256
71267
227058
59024
94435
38904
110495
364857
296445
106813
103275
