126400
10380
37765
11969
203202
50160
303390
57603
259704
79576
128224
149886
18590
10062
2438
21264
96064
115650
158157
355932
64010
156078
132629
331848
24768
2134
172107
15050
34272
8904
143336
45596
32049
62320
53058
232112
191376
123158
126720
174386
33752
20476
187357
7851
268464
326116
24422
82310
116368
31570
22260
78960
233544
2052
209844
21620
53688
79940
184243
38985
89414
51120
166
64530
20000
92312
122144
18378
34136
345340
157641
170660
31680
171520
86556
100339
221412
16453
194652
128176
23157
22352
8100
123416
99997
80892
6336
237847
76026
35382
46358
68079
58464
151146
248368
106890
97465
9836
177630
28088
382400
219400
156272
45549
299060
97380
27556
296089
1521
34575
76140
2532
214476
270963
345040
38358
87600
247760
181460
44475
53053
102064
30294
176679
8512
32406
49595
371374
21644
21852
29382
261072
33771
18886
167232
69008
80810
81424
108312
173995
298528
172485
2622
94934
28437
15062
44280
3753
135500
11356
2003
63992
250376
33090
200662
124317
13180
194480
139790
233080
24615
324653
4742
189280
97174
9449
117200
81367
195356
108576
5796
14808
318384
1449
206136
215781
4394
2332
80090
193200
62256
1212
29025
129569
60368
158848
231880
321300
78565
289816
28160
14248
91714
31856
25029
34248
32076
20868
218784
52110
193650
330264
28820
23900
100044
42669
23491
130560
48750
112557
185406
72455
249765
239360
110556
311144
106560
52692
30810
103132
116752
233964
107445
41012
118480
352062
177822
75780
74576
2318
81072
81900
12188
206064
252518
33264
115704
155910
12810
27985
329740
15435
14177
35592
71060
227506
25866
225485
181961
57040
63872
134510
8561
71100
214719
63840
100661
104715
114858
337195
104604
96572
162738
158158
87420
58497
148903
192276
88500
177687
149526
203333
140540
128184
95285
40005
135180
25902
83646
124487
115260
16426
260316
214420
52374
51735
215240
216585
21300
280740
13700
3060
212041
33990
391180
4224
1170
62982
277904
26820
6107
70292
157728
336311
23673
1722
98046
13300
19122
7736
180852
119360
16076
133176
216900
6028
66172
96606
19796
98032
4734
16202
45390
87766
88176
50477
17418
76780
152334
47928
145840
63912
69768
19339
197248
81345
18984
24088
33300
155382
49500
87184
241344
236268
164565
15444
152667
245518
188328
81294
76715
19968
91998
175248
273182
51952
239760
65572
7048
16588
228105
76681
56672
119880
61236
17880
340480
161064
289312
58212
51657
183339
5182
42801
133008
71448
76908
16170
13552
110508
216636
6516
321119
40236
117150
68146
271168
115020
113743
105512
23436
94535
164339
186659
272340
162700
136752
25260
10533
146179
137902
248729
141600
101835
239418
74120
212000
100404
31386
4968
31199
111834
253332
54226
66555
71562
7482
68796
9212
162265
229166
73856
249964
47064
294336
6848
162684
136760
191088
26752
44055
20228
2743
64704
48042
83115
26968
15672
157095
42564
5731
16890
194656
29218
309434
30620
117864
191522
4220
52878
19632
309852
63250
56715
4170
98124
106288
10995
34986
5993
302288
35664
290640
57525
160530
87555
17960
91404
102180
32220
139878
216864
65455
107331
115753
14557
29190
135890
170086
172824
96712
56784
8796
213048
6327
14382
101619
194992
117488
125885
12528
65475
27577
205272
364249
109820
125100
53952
66810
91872
220275
1172
8536
111270
111790
89946
18706
106780
107148
82365
61254
43659
127984
46119
138736
48336
91793
46084
91984
9282
111752
316440
25272
190700
89645
220992
105435
337326
17392
89988
43170
25251
34606
298125
12705
19779
173808
68978
139410
35157
61789
28320
66852
223057
19162
50775
58383
78420
61158
190944
8653
13409
18432
1656
311706
70476
67165
16522
16880
29056
38931
35283
88470
11008
55392
81963
236490
6195
352900
256945
45200
238500
119838
143895
11834
161160
53360
248196
104004
85428
253232
5432
54900
11028
2016
140130
218624
18620
248742
149760
7616
94411
82280
66517
192946
146340
95850
132210
30624
242382
14274
19713
139502
45744
49932
67326
127589
172397
28
269640
10258
4080
35168
168400
162660
43551
49956
20925
138860
41331
90110
175933
94523
8707
778
2454
139060
197119
242592
128723
128245
11988
75555
35698
58256
65526
9628
94227
123592
96032
14371
74058
307890
59137
94639
115020
130260
34240
173220
36220
72470
216294
113982
68636
78624
91629
17466
151776
94435
38904
100450
115218
355734
305180
103275
