316000
17300
107900
239380
169335
37620
303390
13293
14428
79576
160280
41635
11830
13158
4876
21264
75840
115650
140584
336158
12802
69368
208417
276540
33024
1940
38246
27090
17136
24168
268755
148187
28488
19475
176860
43521
85056
140752
179520
71806
118132
194522
198378
23553
205296
308952
170954
41155
29092
37884
15900
27636
233544
18468
174870
172960
93954
103922
96970
233910
34390
85200
3320
68832
2000
80773
45804
16336
34136
259005
176187
60950
25344
8576
64917
79215
313667
49359
64884
144198
23157
32512
29700
262259
15789
67410
7128
139910
101368
70764
35660
24756
136416
151146
13072
259590
389860
12295
236840
14044
191200
175520
156272
35427
224295
32460
151558
52251
5577
27660
12690
1477
214476
127512
189772
76716
122640
148656
181460
118600
151580
82927
21879
78524
3192
32406
49595
156368
216440
65556
166498
228438
45028
45866
97552
69008
145458
193382
180520
153525
204256
103491
22287
122058
9479
150620
105165
63801
108400
10688
12018
31996
196724
33090
109452
124317
13180
335920
319520
58270
13128
324653
33194
262080
166584
10308
117200
73970
265126
343824
69552
4936
99495
3519
194684
38079
61516
37312
24027
135240
15564
1010
32895
11779
105644
186880
150722
151200
282834
153432
14080
99736
124469
7964
166860
22832
2916
6956
54696
34740
329205
348612
57640
45410
133392
47410
19877
97920
65000
92694
99834
159401
299718
56320
27639
294768
82880
26346
14378
21712
233504
350946
35815
41012
96265
391180
88911
257652
149152
20862
76568
81900
85316
25758
144296
66528
28926
155910
38430
72761
49461
8820
70885
26694
99484
203558
54606
86725
139970
57040
47904
255569
12230
14220
56505
86640
137265
112770
51048
238020
69736
41388
126574
186914
43710
61938
96349
42728
76700
177687
315666
109487
105405
137340
61655
144018
99132
207216
13941
203706
130628
16426
37188
214420
34916
37939
118382
101073
19170
224592
23975
4284
137203
237930
371621
10560
390
209940
347380
56620
24428
87865
197160
336311
29136
3444
38129
32300
344196
19340
77508
74600
80380
55490
325350
48224
314317
10734
16968
122540
1578
40505
151300
175532
51436
86532
58060
287925
236964
107838
218760
138476
17442
19339
160264
66990
14238
120440
39960
163560
81000
196164
40224
196890
208449
11154
203556
157833
89208
76512
30686
42432
15333
43812
273182
48896
63936
163930
10572
62205
15207
34855
28336
87912
20412
84930
238336
161064
216984
74844
120533
197442
25910
28534
124695
35724
346086
15015
13552
128926
162477
16290
202812
254828
70290
83872
186428
127800
308731
13189
63612
40515
106337
67876
211820
24405
39072
10104
59687
79734
137902
286995
122720
101835
199515
129710
251750
122716
83696
27324
66855
41202
182962
19978
51765
143124
12470
58968
110544
85905
327380
78472
365332
70596
196224
2568
361520
54704
83601
12160
48060
15171
2743
43136
152133
16623
121356
31344
244370
180897
80234
60804
109494
39653
309434
122480
157152
157724
8440
167447
9816
275424
80500
68058
3753
150960
129064
10995
128282
5993
170037
56468
87192
210925
64212
157599
53880
30468
71526
8592
110430
192768
6890
22596
73661
131013
29190
231013
48596
100814
175840
113568
8796
71016
5624
136629
101619
111424
67136
148100
66816
82935
20056
222378
383420
43928
108420
58448
211565
137808
180225
3516
10670
315265
145327
33138
28059
53390
160722
30345
88478
72765
6736
92238
52026
5088
84732
69126
80486
7735
279380
52740
25272
19070
161361
220992
86265
177540
43480
67491
82023
17277
31460
198750
21780
26372
308992
37142
309800
210942
57036
103840
37140
65605
9581
91395
389220
78420
20386
190944
509
9752
19968
2484
155853
5034
67165
280874
25320
32688
142747
25998
29490
110080
249264
105381
78830
99120
88225
296475
73450
238500
219703
19186
213012
88638
40020
76368
8667
99666
79968
9506
43920
132336
4704
9342
136640
3724
172206
142272
2720
94411
9680
108846
103894
58536
79875
92547
52896
259695
3172
394260
190230
97206
299592
52899
273405
172397
280
385200
92322
18360
41762
75780
176215
246789
79097
90675
118031
179101
198242
93141
72710
8707
7002
4090
147240
257771
217056
18389
78920
77922
90666
339131
58256
152894
62582
161532
308980
6002
36954
197488
153945
22745
89658
38340
90180
58208
230960
28976
260892
282846
31086
308862
21840
183258
104796
67456
94435
53493
90405
211233
197630
30518
218025
