126400
6055
37765
47876
33867
68970
286535
26586
259704
22736
240420
149886
11830
2322
7314
95688
91008
19275
87865
217514
96015
26013
56841
276540
49536
2522
210353
12040
9520
1272
304589
159586
7122
70110
150331
159577
53160
123158
52800
41032
75942
163808
44084
5234
252672
205968
183165
16462
174552
53669
1590
31584
272468
7182
46632
32430
147642
159880
126061
155940
68780
5680
2822
25812
20000
92312
122144
4084
42670
224471
102003
243800
88704
145792
57704
89777
295216
49359
48663
152209
18011
40640
16200
200551
52630
121338
6732
69955
63355
5897
39226
49512
38976
67176
104576
61080
292395
27049
189472
98308
57360
186490
136738
15183
134577
8115
275560
296089
3549
48405
114210
1266
17873
302841
138016
76716
140160
247760
36292
237200
68211
51032
18513
294465
6384
307857
89271
234552
108220
152964
78352
114219
112570
48564
97552
54480
16162
203560
72208
143290
15712
114990
7866
108496
161143
22593
88560
37530
243900
12024
26039
151981
286144
62871
54726
276260
79080
353600
79880
93232
27897
136696
18968
232960
249876
12026
70320
103558
209310
18096
104328
83912
19899
3312
183232
190395
61516
16324
72081
173880
101166
2424
19350
164906
105644
121472
162316
94500
62852
221624
45056
270712
72061
35838
25029
45664
14580
22607
291712
138960
193650
293568
23056
23900
44464
4741
5421
48960
56875
119178
270978
130419
216463
183040
110556
131008
71040
131730
32864
103132
175128
194970
114608
51265
88860
78236
29637
166716
111864
23180
31528
81900
219384
180306
288592
55440
86778
249456
51240
33582
32974
11025
85062
47456
284240
215532
34488
225485
13997
85560
55888
161412
4892
9480
101709
31920
128114
144990
51048
119010
191774
131062
144656
158158
116560
58497
43795
21364
29500
197430
182754
46923
28108
119028
50445
64008
18024
12951
83646
22634
46104
73917
334692
64326
261870
34490
172192
115512
14910
262024
65075
3672
12473
135960
39118
1408
975
94473
34738
8940
12214
281168
394320
118698
9105
7462
81705
5700
344196
54152
193770
52220
12057
177568
361500
54252
248145
161010
5656
12254
15780
81010
22695
75228
146960
93743
46448
38390
304668
41937
18230
53260
148257
386780
197248
9570
9492
108396
39960
89958
18000
119878
120672
105008
32913
9438
101778
157833
138768
76512
138087
37440
107331
204456
390260
39728
111888
65572
8810
45617
76035
27884
14168
151848
13608
84930
51072
134220
72328
8316
103314
253854
88094
271073
141321
119080
269178
11550
25168
18418
126371
11946
236614
147532
7810
78630
118636
102240
227486
131890
3348
202575
48335
84845
302600
73215
371184
13472
66709
132890
123386
267862
122720
56575
186214
333540
212000
33468
52310
34776
40113
58860
140740
5708
125715
47708
39904
127764
27636
76360
81845
41544
326876
17649
212576
6848
216912
47866
119430
21888
56070
55627
52117
43136
40035
49869
188776
78360
139640
31923
51579
10134
60830
37566
309434
290890
78576
123926
8440
105756
29448
189354
80500
181488
4170
67932
75920
10995
233240
71916
340074
38636
203448
249275
256848
315198
143680
71092
97071
6444
139878
12048
31005
84735
63138
262026
26271
217424
97192
187226
17584
198744
3665
213048
13357
136629
72585
83568
318896
140695
70992
78570
10028
205272
38342
93347
75060
31472
55675
15312
40050
9376
11737
37090
55895
23670
149648
21356
44645
26010
20418
58212
101040
230595
346840
33072
91793
149773
45992
21658
83814
175800
50544
133490
215148
248616
9585
71016
165224
22497
34536
6645
40898
99375
36300
65930
347616
26530
46470
82033
23765
37760
51996
52484
191620
172635
97305
65350
101930
293760
5090
13409
21504
5796
311706
90612
13433
49566
27430
50848
246563
20427
9830
110080
41544
105381
315320
49560
211740
59295
73450
377625
139811
153488
35502
161160
16675
114552
95337
42714
13328
4074
43920
44112
2688
46710
163968
70756
210474
119808
5440
74535
96800
90705
222630
117072
106500
198315
36192
225069
30134
39426
215594
34308
166440
72135
127589
20282
140
19260
51290
16320
24178
50520
67775
58068
83260
83700
76373
55108
216264
196631
94523
165433
5835
6953
106340
106141
229824
312613
118380
11988
135999
232037
50974
120131
67396
161532
123592
42014
16424
37029
290785
36392
14943
25560
150300
20544
158785
21732
159434
33276
51810
120113
21840
40724
192126
143344
137360
29178
90405
19203
79052
289921
172125
