125
294
217
816
418
270
44
272
357
560
570
893
720
275
215
576
539
78
168
360
105
260
533
341
336
222
390
352
363
550
160
290
920
540
125
378
620
98
266
135
225
272
459
656
480
141
370
364
860
352
100
741
224
552
385
624
504
465
96
185
54
88
462
204
640
261
141
252
350
430
288
588
722
252
720
442
208
246
120
864
703
208
880
99
250
624
29
644
385
25
630
403
196
190
162
220
612
408
40
360
611
360
260
602
576
600
312
28
405
420
624
451
341
912
407
54
220
462
350
440
406
46
576
400
672
576
980
380
196
360
170
816
574
210
893
740
52
387
462
100
39
476
276
280
676
798
403
240
532
513
44
204
306
200
58
893
540
300
473
32
637
156
420
900
70
728
615
30
144
407
104
264
66
100
280
551
322
315
250
840
62
735
532
540
720
204
204
533
180
141
648
182
344
256
950
117
560
276
665
676
820
155
192
37
297
352
33
816
120
174
282
504
50
84
576
245
190
476
360
510
780
369
180
720
74
286
430
660
900
429
464
828
630
375
252
558
240
76
351
308
170
306
680
30
141
216
364
817
576
98
390
252
630
490
624
697
589
528
185
234
704
462
50
760
406
46
504
225
630
160
441
418
162
540
510
357
615
540
705
333
416
688
576
900
351
28
690
35
1040
378
434
528
608
405
660
66
714
120
145
940
612
425
860
480
245
702
280
225
442
884
82
600
240
629
130
572
99
650
351
116
690
35
25
462
217
784
114
459
630
68
561
520
390
846
612
26
301
96
650
507
280
720
665
624
123
155
720
703
459
308
132
306
360
145
828
432
200
504
288
147
494
28
135
646
1040
123
600
846
333
468
43
561
750
39
116
736
35
884
546
496
192
456
162
88
544
765
160
60
752
360
50
430
256
392
546
504
855
420
780
820
390
720
185
260
616
99
100
440
87
138
72
475
42
62
784
76
108
720
612
612
41
180
47
432
52
215
384
500
741
448
