300
168
217
960
38
81
396
238
102
800
450
470
216
400
430
640
392
546
364
360
385
832
779
434
720
111
234
748
33
350
40
58
690
288
300
588
372
882
190
351
45
578
306
451
180
658
296
416
817
288
150
195
476
782
455
728
798
124
144
185
135
308
198
153
360
174
517
216
325
129
128
931
608
504
855
170
572
820
300
624
407
390
396
297
650
468
203
276
420
275
378
310
147
152
459
176
612
561
120
210
611
540
182
731
32
550
195
56
315
630
936
164
589
336
555
378
748
330
200
720
261
736
108
225
546
160
294
38
84
405
578
408
287
240
517
333
52
172
132
300
585
168
828
245
676
42
217
48
646
432
572
340
765
640
58
893
36
350
688
448
196
702
224
675
455
260
820
360
48
592
364
704
99
700
240
116
736
175
50
420
558
833
646
351
810
68
510
164
510
611
684
208
86
256
300
507
280
506
455
468
820
434
720
370
108
836
660
153
520
58
517
288
500
42
416
441
722
56
855
544
52
328
300
240
407
104
860
495
100
156
522
138
420
450
798
124
336
494
486
220
646
663
600
30
705
324
156
172
352
392
117
560
360
455
260
451
186
624
37
130
264
132
700
760
29
828
612
375
504
288
833
38
135
900
272
357
492
540
376
629
260
301
640
150
39
392
552
525
416
462
93
768
380
297
396
429
969
280
348
188
36
150
129
320
98
117
140
810
272
364
123
570
528
444
442
836
528
950
741
29
368
385
500
630
124
784
608
81
720
34
357
80
360
658
612
390
86
608
500
117
140
405
455
52
451
93
624
333
486
352
594
969
440
203
368
540
325
756
288
196
684
420
585
510
780
574
60
47
481
234
344
330
550
741
435
368
105
832
336
62
384
304
162
396
646
714
600
330
752
324
275
172
32
490
702
252
810
70
988
410
450
336
148
468
132
396
650
40
319
460
216
400
84
465
980
722
324
855
340
816
574
120
188
144
52
688
608
800
507
280
