275
672
124
144
532
270
528
476
102
480
600
564
468
175
430
256
147
663
56
675
245
988
205
31
96
185
312
748
396
700
440
203
368
576
400
672
248
49
266
108
585
544
918
656
120
893
222
364
172
384
500
702
448
230
35
208
210
279
96
185
324
440
363
561
40
58
517
360
475
86
544
98
722
532
810
238
988
656
390
720
296
442
748
528
250
390
377
184
455
175
42
217
490
304
459
352
68
51
40
570
141
360
208
473
192
1000
390
560
360
35
832
369
124
720
703
513
616
363
450
560
377
230
612
500
672
224
588
152
476
900
442
306
205
330
235
555
286
559
66
50
234
140
368
70
260
336
310
96
456
351
660
510
204
240
348
141
432
425
817
64
441
156
476
270
595
52
451
90
672
481
364
88
594
200
240
203
874
175
400
714
558
490
342
432
900
68
969
738
390
329
504
78
473
160
800
507
560
506
630
520
410
310
240
37
135
264
297
918
200
261
846
648
325
294
96
392
570
224
675
102
520
492
60
384
111
104
774
66
250
507
377
874
140
225
168
620
384
722
378
44
442
153
40
270
705
108
442
817
128
196
741
560
225
385
676
820
155
480
592
364
792
594
350
400
87
92
288
225
126
288
147
266
81
765
136
204
738
120
470
37
286
129
256
300
429
112
690
665
52
420
310
720
76
459
528
462
51
760
261
94
468
375
172
320
833
585
476
315
102
52
287
120
432
444
338
396
363
800
195
145
690
385
400
840
279
98
570
243
45
272
357
600
270
423
720
494
860
544
750
39
560
360
280
1040
164
248
624
740
270
132
198
663
400
87
46
468
25
336
192
686
570
336
360
102
936
82
360
752
481
208
129
66
150
39
522
920
455
572
420
434
192
228
297
352
442
102
520
300
47
72
225
645
320
833
507
420
900
350
936
533
570
816
703
234
748
297
850
120
435
46
288
325
168
31
98
570
405
45
102
765
656
240
752
396
494
430
640
350
273
56
