475
84
248
432
684
27
440
170
510
640
570
658
72
25
86
608
490
39
560
135
490
624
656
248
768
518
130
440
198
650
520
145
230
432
225
840
155
98
304
378
900
272
102
820
90
423
74
104
473
160
750
312
112
184
525
312
252
403
480
111
243
704
363
714
760
29
47
108
425
387
160
980
304
196
495
680
884
369
450
480
222
156
836
594
400
429
580
644
490
400
672
93
588
304
540
44
204
306
560
180
470
540
208
559
352
50
78
196
225
700
988
41
589
96
74
378
440
495
700
120
290
460
180
375
714
512
392
418
308
405
68
510
246
240
188
481
520
688
660
250
78
392
690
420
468
798
248
960
266
270
352
646
663
760
29
423
396
175
817
192
588
234
476
720
630
416
451
450
336
296
442
176
264
400
40
464
368
315
275
336
217
98
228
216
630
340
204
246
150
470
576
234
43
608
900
468
196
690
210
104
328
248
576
74
297
132
429
102
200
232
235
396
100
42
512
147
456
336
495
612
832
82
570
432
74
234
215
165
500
429
377
460
105
75
798
620
288
456
324
132
170
561
320
510
94
576
442
129
608
147
312
336
45
420
416
410
620
432
111
520
704
132
550
640
319
552
576
100
546
448
392
228
459
225
306
714
328
30
658
148
364
215
96
900
468
392
368
385
260
42
31
720
532
81
484
66
510
200
58
517
720
450
559
544
588
546
560
675
510
156
410
210
336
518
26
748
66
950
78
116
92
105
250
588
124
98
266
540
225
544
867
680
510
846
144
468
860
224
100
351
364
180
455
416
738
527
192
518
459
704
594
612
120
493
552
504
500
84
384
98
722
364
495
442
936
738
180
611
592
156
731
66
50
624
145
736
210
52
756
124
480
570
135
308
510
357
480
420
470
36
375
731
256
49
702
224
90
455
1040
615
510
960
703
494
528
132
450
480
290
920
648
175
588
465
147
342
351
720
306
969
82
420
611
612
442
602
480
600
117
504
