150
336
620
288
76
81
44
204
1020
640
360
940
720
400
387
480
539
312
560
630
385
1040
615
310
432
222
312
220
429
1000
360
174
92
360
75
546
310
196
456
189
675
340
102
492
90
329
296
390
860
256
750
546
364
874
700
780
546
558
192
481
27
748
363
561
640
87
705
360
500
86
384
833
380
560
585
578
884
123
270
432
703
520
88
561
100
273
319
782
455
150
420
62
588
570
243
396
374
51
760
600
893
648
364
301
192
450
468
224
495
175
780
779
124
192
148
81
88
561
600
120
522
414
504
350
714
640
882
418
560
360
204
153
328
360
893
518
104
731
231
100
585
196
414
630
52
84
155
240
532
243
220
408
1020
640
145
47
396
275
430
576
294
741
476
720
630
208
820
150
144
370
416
396
660
900
360
435
460
455
25
420
186
931
304
405
180
544
918
369
480
282
108
234
602
96
750
234
448
506
630
104
369
372
240
740
162
616
495
714
800
493
799
720
375
798
576
833
570
448
495
340
468
451
510
432
555
260
129
264
450
39
116
920
175
475
294
434
48
418
540
616
204
765
440
90
893
252
234
559
256
833
780
28
180
175
468
697
310
480
592
520
352
462
600
560
116
138
432
350
756
416
245
190
216
90
510
51
574
330
940
333
442
43
352
400
156
364
92
175
260
630
310
384
304
54
308
495
306
640
87
846
504
150
430
320
735
468
392
315
102
208
205
90
336
666
26
704
594
300
702
464
828
70
325
588
93
539
380
324
900
578
561
680
390
611
288
312
602
352
500
117
476
45
210
936
697
186
528
185
81
264
561
918
520
406
874
72
275
840
288
637
722
560
765
340
312
738
510
282
666
260
645
66
550
195
58
368
105
416
252
620
864
684
405
132
204
357
240
30
329
504
325
731
448
490
195
420
720
630
676
205
420
864
407
156
704
165
850
600
377
46
288
125
42
527
784
570
486
360
306
765
123
30
658
216
468
344
256
450
468
336
