375
504
310
576
532
297
660
170
867
760
450
235
216
325
817
224
490
663
308
405
35
364
779
31
960
629
234
572
561
600
560
29
644
468
475
840
186
686
114
189
765
170
714
738
480
94
740
390
645
480
750
780
336
690
70
364
798
589
672
185
351
352
528
765
760
174
705
108
75
86
480
392
456
112
225
612
1040
574
180
288
74
364
792
198
500
273
174
368
245
200
84
155
343
760
513
352
306
459
520
30
611
36
338
817
288
400
39
364
900
420
260
287
341
720
666
351
484
165
1000
400
87
230
612
275
336
512
98
76
364
405
306
867
738
330
470
666
416
473
264
200
156
532
782
35
468
252
372
576
380
135
748
34
561
320
435
658
360
125
516
352
49
624
504
630
630
884
615
540
624
37
156
88
264
950
200
174
184
280
75
672
62
147
760
297
810
442
714
287
570
893
180
468
688
608
850
624
168
782
560
364
123
279
288
370
513
528
462
306
760
116
752
684
325
420
320
196
532
28
360
238
312
738
540
816
37
416
43
33
550
117
58
276
595
400
420
341
144
190
27
220
204
51
120
480
564
360
312
387
96
637
351
476
720
700
260
123
62
432
481
364
220
495
550
40
116
552
216
325
798
480
441
342
162
90
272
663
82
480
846
407
260
774
224
350
39
532
552
595
832
210
248
864
266
351
792
33
714
80
87
423
396
375
860
160
392
195
364
720
102
468
738
330
816
148
520
660
33
200
468
58
184
665
350
672
620
784
190
27
900
170
612
120
570
235
72
104
774
160
900
468
140
360
280
260
779
465
48
333
513
308
528
969
440
493
276
684
100
462
576
588
418
112
135
476
364
820
450
141
370
520
258
33
750
429
435
460
140
520
252
310
864
570
216
836
476
306
520
150
564
720
75
731
576
392
117
168
450
665
832
615
240
672
555
416
264
297
500
280
290
322
396
250
840
465
833
608
162
900
442
612
656
120
517
468
260
344
544
100
234
560
