475
840
403
336
76
378
572
510
51
40
360
940
720
225
559
640
637
507
560
360
175
416
287
465
96
37
416
176
363
850
40
29
874
576
75
378
62
882
532
189
360
204
357
410
210
47
481
286
774
512
500
390
504
782
630
364
840
186
384
555
297
880
33
969
640
174
235
612
275
774
160
588
684
308
405
408
572
164
210
960
148
494
616
33
350
390
493
276
280
350
672
558
882
266
486
704
238
663
760
210
235
288
468
43
64
450
312
392
405
525
624
697
310
672
518
243
748
462
800
360
116
598
288
400
126
160
98
494
224
180
510
561
492
180
893
555
416
559
66
200
351
336
782
350
52
714
124
192
342
243
132
408
765
240
522
188
360
175
559
96
147
546
504
585
140
208
410
390
48
259
338
132
99
850
800
174
598
35
275
462
341
441
494
324
405
204
663
697
240
611
612
234
344
512
750
117
252
46
245
520
369
341
432
407
513
528
462
714
40
29
376
36
75
126
640
686
190
140
720
170
416
697
390
912
592
234
215
132
750
273
377
782
280
450
504
62
912
418
405
44
646
357
360
30
940
684
78
602
384
98
702
112
135
245
728
369
31
384
333
442
396
594
450
280
464
690
72
25
588
192
784
722
297
855
374
204
410
180
940
444
234
430
640
650
546
532
506
350
260
126
496
576
532
135
704
363
306
680
29
47
144
350
129
480
343
351
280
675
646
520
451
570
288
296
286
176
462
350
702
232
276
490
225
714
620
784
114
54
90
102
765
40
450
846
144
130
860
320
550
585
364
135
280
104
369
589
480
666
270
132
330
306
320
319
552
180
450
294
224
784
228
504
720
408
676
656
570
846
148
182
86
165
700
429
377
414
525
832
168
93
528
646
486
220
102
867
600
60
799
720
225
129
32
784
741
112
180
490
208
123
300
624
333
234
572
99
200
760
493
368
72
475
630
372
490
228
270
720
238
867
738
330
282
288
416
688
320
900
624
420
