375
714
124
192
114
405
176
646
714
80
60
423
720
25
258
96
441
390
280
135
420
572
779
434
720
333
208
352
264
850
400
551
644
396
300
252
248
931
152
432
45
238
408
492
240
47
74
260
860
608
950
234
364
598
420
364
546
124
960
592
405
352
132
765
280
551
470
504
125
387
544
784
190
196
810
408
884
533
330
384
740
130
704
429
900
585
87
414
105
200
378
589
343
152
432
880
442
765
80
420
47
432
312
774
128
800
312
308
675
700
260
164
124
624
185
297
44
429
950
720
580
322
432
225
546
320
637
266
532
810
680
765
41
120
470
407
312
688
33
400
780
224
414
175
832
168
558
624
494
513
220
408
561
200
580
94
396
25
860
192
637
78
28
90
105
208
82
90
528
518
78
616
99
950
600
203
828
315
225
840
527
147
190
81
360
34
102
738
510
235
252
442
430
416
950
780
56
828
455
832
205
217
336
111
54
396
297
867
160
464
705
288
350
504
352
686
114
560
225
170
156
697
540
240
185
26
602
231
150
663
377
460
140
400
546
93
384
38
135
308
476
459
160
420
940
288
364
731
224
539
780
532
135
490
780
574
279
48
296
130
352
627
150
760
232
276
396
125
756
160
637
570
108
270
442
1020
328
450
893
333
520
860
608
550
234
168
506
210
1040
588
279
432
380
459
396
264
714
720
406
799
144
100
129
320
392
312
56
630
306
52
820
510
48
407
468
704
528
150
429
319
552
700
50
546
186
784
646
432
900
68
306
480
570
188
180
26
387
416
400
585
168
180
490
312
533
403
48
259
135
308
363
867
400
87
828
36
150
840
352
588
760
532
855
544
780
328
450
893
259
520
516
528
950
429
348
138
665
260
378
465
432
114
81
132
544
357
520
450
47
252
425
602
160
588
507
420
630
140
208
246
360
864
370
156
308
231
50
40
522
92
432
325
336
62
833
190
513
270
306
918
205
510
705
288
156
172
64
800
663
476
