400
336
341
672
228
189
220
510
816
80
60
423
396
175
473
544
588
741
448
315
70
260
615
248
240
222
468
528
495
50
400
174
414
72
125
462
341
539
380
378
765
680
408
779
450
705
74
260
172
128
700
624
504
828
105
624
798
434
480
481
405
352
561
663
440
377
940
36
250
387
544
441
532
448
360
238
312
246
600
144
222
260
792
660
550
468
522
690
525
25
42
434
294
304
540
396
374
969
760
270
282
504
234
86
512
700
39
504
900
385
364
82
93
240
74
216
352
627
850
40
116
368
612
400
126
416
245
684
224
360
408
714
738
600
94
407
468
129
66
900
39
112
552
245
364
630
279
336
418
351
660
34
255
600
464
282
612
375
129
352
637
468
560
630
700
624
615
570
480
444
416
484
627
550
800
551
552
420
25
462
341
392
494
135
855
102
765
164
300
799
432
260
129
576
400
780
336
276
385
260
492
155
96
555
459
748
198
153
520
319
188
108
500
252
96
490
456
448
450
340
572
205
60
336
74
130
688
429
1000
351
435
322
35
425
756
155
480
76
189
528
272
306
120
180
470
360
26
258
608
343
546
224
450
35
988
369
93
288
111
468
88
396
300
480
464
874
396
475
798
64
49
380
432
900
306
153
205
240
235
407
260
602
32
150
702
560
138
140
364
420
248
432
646
324
704
99
357
280
580
940
504
150
645
448
882
546
84
270
544
416
410
150
192
148
130
44
198
1000
117
203
782
105
200
84
93
490
722
270
810
68
306
800
510
940
72
468
774
544
150
741
364
630
350
624
246
217
192
703
108
836
627
102
680
145
138
252
175
462
416
882
266
112
675
170
416
574
390
752
74
260
129
528
150
39
203
828
665
156
840
124
816
608
270
88
374
51
160
240
329
216
25
344
288
441
741
336
630
35
832
123
270
816
592
338
528
66
800
600
348
230
432
375
210
248
147
494
189
180
442
51
287
480
799
108
78
86
352
750
39
196
