175
126
186
720
304
378
528
340
918
480
150
282
36
400
215
32
147
780
420
45
630
520
205
558
768
333
78
616
198
800
800
406
322
468
275
126
186
980
418
324
495
102
51
41
360
141
74
442
172
640
500
702
252
230
175
728
252
217
96
37
189
616
33
765
200
145
376
396
50
215
544
392
38
196
405
170
468
287
450
528
259
494
176
462
950
195
522
46
700
100
588
403
392
152
378
616
680
663
720
480
470
36
208
301
32
450
468
252
405
105
52
533
124
672
481
243
836
495
50
40
522
460
360
275
756
32
196
418
112
720
476
510
205
570
658
222
442
43
627
250
390
112
184
420
52
462
31
960
532
540
836
476
204
280
116
517
216
275
516
192
392
234
140
810
70
572
697
540
336
555
390
440
264
600
360
58
460
560
325
252
341
343
760
324
90
136
153
164
330
282
396
286
731
448
300
585
420
828
630
936
246
403
96
296
81
660
297
918
760
29
376
36
225
504
576
833
38
532
720
136
936
574
90
480
185
156
860
264
600
429
290
552
700
150
84
341
576
722
378
660
374
765
640
600
940
108
104
301
480
931
702
224
45
350
572
615
434
240
555
234
484
132
150
520
29
828
684
300
714
608
735
76
108
540
204
306
164
210
329
481
442
860
416
100
39
476
322
315
780
588
93
240
646
513
748
627
1020
320
29
752
324
325
172
128
392
741
560
720
646
1040
205
450
192
407
338
88
264
350
663
464
828
595
300
210
527
588
684
540
765
442
867
160
540
423
288
494
645
416
400
78
532
45
35
832
328
496
912
370
540
836
660
510
360
319
690
324
250
378
128
98
570
364
855
204
728
205
390
517
370
208
430
495
600
741
116
598
35
468
336
341
912
646
189
880
578
561
760
60
705
720
475
602
384
833
429
420
765
280
832
451
420
864
111
338
704
561
500
280
290
92
576
175
84
465
196
570
405
585
136
357
451
30
47
576
442
774
224
650
741
168
