205439
6944
59378
11972
124212
18819
202296
84246
115448
90968
96186
66640
22009
3885
46379
58509
40472
96420
105456
138439
128080
43370
132650
221268
19285
197
191260
27117
32419
3825
89600
171030
14256
38980
97306
246670
63810
17600
116193
41044
25323
92169
220480
36680
157950
291839
219852
164680
290980
28440
19116
19755
58395
4116
69966
75691
93975
47982
58200
181972
41286
96611
1352
21525
14042
115420
68733
7168
42685
276320
176244
219474
126780
102948
43296
79260
369080
197472
32448
48084
2576
28490
45951
92580
10532
13488
2394
153934
164762
94400
57104
117648
77964
33600
169975
229095
233952
41854
82915
210705
191230
186541
9770
55704
104692
32472
261839
69680
7650
110688
228474
3424
89380
286956
258825
95910
17526
235429
54447
296560
37910
76584
28662
255242
10670
97236
69454
293235
216500
153006
97970
146880
112600
48618
69695
32715
48495
20362
216660
112618
172865
207036
18396
6784
189640
75340
38766
67608
243954
13420
14042
96024
357740
23184
54735
248688
13186
176830
379487
233140
9864
34180
33215
101941
152735
16378
64493
51800
279140
199089
63789
4939
238824
3990
114550
253920
83543
18680
24036
154584
101205
1230
17442
212076
286805
9347
115970
283545
267172
17051
25371
57004
6554
29910
91806
79933
52542
6968
72940
17376
135576
275265
80738
11965
189023
37952
14480
130608
138176
26496
185445
202916
33308
98581
18432
114653
35529
26352
20570
5431
145970
234000
7166
51280
148160
352116
29646
75795
18647
6972
36056
25212
182865
231876
216480
5547
135030
109158
41040
39200
131920
11040
141800
8907
199010
167678
51786
17348
28000
102726
63920
94178
12260
56916
11304
36504
146464
136986
140415
376922
156933
27604
72340
273239
291460
24108
166478
149590
11806
394920
182787
265948
70300
45795
61688
56028
162270
116586
55800
135840
23061
115024
371940
32172
349220
55232
161475
28884
18156
187190
6856
2163
174664
288966
254306
4949
396
21000
17372
38779
12220
193336
335223
138502
1824
8078
98100
36157
191250
11613
245499
14926
52286
22202
235014
6034
314374
21474
28340
110313
13464
32416
68112
62705
139669
36070
75517
172782
304722
35964
109398
138515
61068
270788
86317
4788
7128
36141
119934
81810
54036
163515
147521
223193
208506
16359
101796
17540
168555
4785
230190
19992
260712
43821
331772
61180
191844
49188
5304
37350
258570
34870
85044
79950
102105
89460
85135
147675
343615
99828
68888
112848
57035
99890
91476
113183
269220
10422
5817
9212
54168
7623
135232
120735
117195
5245
186461
51132
130016
250648
13404
121572
106370
322468
136197
162760
78156
32053
45682
225964
43566
344448
56658
45272
159648
222396
225301
212021
209300
34818
89200
53001
154847
19999
125766
143160
2497
176958
27645
171864
261952
13857
192310
94176
310745
9449
253106
47887
131406
2435
