237045
15624
10796
35916
180672
94095
185438
84246
115448
113710
32062
141610
18623
777
34174
69147
80944
109276
246064
39554
121676
164806
360050
129073
19285
3349
114756
24104
15256
24225
322560
114020
53460
35082
35384
116080
53175
140800
116193
143654
118174
30723
77168
5240
173745
51501
134354
57638
58196
9480
20709
59265
77860
2058
11661
21626
147675
15994
116400
51992
116977
39781
1859
8610
16048
161588
114555
11264
128055
241780
176244
24386
120441
102948
137104
31704
369080
164560
194688
104182
46368
14245
13515
216020
100054
128136
5586
27988
63370
76700
24983
24768
194910
151200
169975
61092
370424
27082
23690
266893
267722
208487
175860
65832
194428
8118
151591
226460
1530
103770
50772
3638
53628
175362
138040
76728
148971
49564
163341
14828
37910
51056
21918
78536
1067
291708
9922
136843
119075
32787
195940
310080
33780
51319
97573
47255
210145
50905
234715
71666
267155
80514
15768
81408
113784
67806
11076
11268
135530
3355
30090
72018
35774
6624
72980
207240
26372
335977
99865
46628
27948
256350
4745
116504
97195
11206
117260
51800
223312
289584
69588
79024
119412
1260
160370
101568
87940
16345
128192
212553
38925
410
36822
23564
226425
93470
92776
132321
110012
17051
33828
42753
124526
9970
41730
79933
46704
13936
18235
130320
251784
110106
63437
14358
11119
14232
19910
130608
48768
13248
114120
72470
249810
126747
138240
311201
118430
52704
8228
21724
248149
78000
14332
205120
37040
273868
49410
227385
261058
1162
31549
37818
170674
128820
108240
61017
96450
77970
33345
67200
230860
35328
155980
5938
85290
59885
48909
208176
224000
39949
3995
13454
8582
4743
146952
9126
82386
161160
12765
297570
278992
124218
72340
57524
262314
41328
175240
149590
118060
315936
66468
78220
42180
27477
78512
16008
18030
220218
32550
67920
153740
98592
185970
128688
17461
55232
139945
115536
7476
149752
41136
1236
162188
237972
156496
6363
1386
63000
156348
5966
91650
210912
39438
356148
3648
8078
27250
34254
76500
3871
219657
37315
64352
99909
361560
30170
182006
32211
14170
98056
5544
137768
45408
12541
73510
14428
104562
191980
101574
53946
237029
159825
157032
96710
110979
43092
16632
36141
19989
89991
49533
21802
80466
105032
109740
14637
203592
87700
188385
52635
138114
44982
76680
73035
117096
58121
79935
147564
1768
20750
273780
104610
56696
111930
81684
80514
204324
67125
126595
99828
275552
42318
103700
156970
16632
71484
76920
10422
15512
46060
234728
18513
67616
187810
23439
15735
135608
153396
308788
158304
26808
135080
87030
322468
226995
146484
234468
13496
59738
79752
130698
306176
47215
22636
146344
352127
172289
33477
83720
9948
44600
23556
84462
51426
36990
23860
29964
19662
129010
57288
130976
27714
38462
76518
65420
16321
72316
61569
95568
4870
