284454
10416
10796
179580
33876
37638
84290
8868
129879
216049
32062
83300
6772
12432
9764
95742
10118
19284
52728
138439
57636
26022
56850
313463
16530
1379
286890
24104
24791
17850
107520
136824
7128
11694
8846
232160
106350
17600
95067
112871
33764
81928
88192
31440
63180
171670
36642
115276
116392
50560
15930
71118
58395
1029
139932
54065
13425
143946
97000
207968
13762
113660
3211
21525
15045
57710
152740
11264
102444
293590
64932
48772
12678
137264
7216
36988
110724
115192
16224
104182
15456
2035
18921
277740
36862
87672
7182
223904
50696
70800
60673
123840
389820
33600
52300
45819
253448
41854
82915
70235
305968
219460
166090
30384
14956
48708
82686
261300
5610
83016
76158
1498
286016
111594
51765
345276
105156
148692
326682
133452
15164
95730
32034
333778
17072
16206
99220
351882
173200
174864
176346
114240
146380
2701
278780
14540
258640
101810
343045
174046
220010
69012
10512
74624
142230
128078
16614
41316
54212
8723
32096
8002
268305
26496
91225
221056
131860
353660
199730
221483
14796
17090
90155
101941
41655
6896
41041
44400
153527
180990
75387
19756
378138
840
11455
76176
30779
44365
40060
231876
155700
1025
19380
82474
45285
168246
69582
226836
125728
272816
2819
270769
52432
29910
91806
125609
43785
3484
273525
17376
213048
128457
109573
33502
88952
42696
18100
138771
162560
33120
14265
86964
49962
56332
36864
65516
82901
144936
28798
43448
29194
195000
21498
92304
74080
195620
69174
121272
279705
4648
76619
12606
60955
180348
306680
77658
144675
311880
28215
33600
313310
44160
113440
53442
85290
143724
17262
294916
252000
22828
71910
269080
18390
37944
33912
31941
137310
88638
127650
19838
52311
75911
361700
71905
262314
30996
17524
64110
35418
98730
149553
62576
21090
18318
112160
120060
126210
259080
60450
215080
61496
24648
204567
182308
244454
55232
43060
288840
6408
168471
61704
3708
12476
84990
58686
12726
3564
126000
347440
50711
18330
35152
295785
79144
32832
1154
81750
5709
38250
50323
38763
134334
48264
11101
271170
21119
198552
118107
9919
171598
15840
162080
45408
37623
110265
43284
11618
230376
287793
83916
164097
21310
122136
174078
197296
23940
23760
180705
6663
24543
58539
185317
241398
39387
76818
12915
237524
157860
29745
71775
260882
14994
214704
204498
292740
9177
95922
213148
16796
78850
45630
55792
63783
95940
13614
67095
153243
214800
217020
91509
154998
155166
82960
271130
41580
95312
57690
3474
9695
64484
90280
15246
202848
13415
156260
5245
152559
115047
195024
224264
67020
270160
145050
305496
136197
154622
351702
10122
24598
225964
7261
382720
151088
124498
252776
370660
66265
89272
136045
42279
40140
53001
98539
42855
103572
47720
19976
49155
64505
47740
327440
92380
384620
52974
114485
4295
325422
54728
107514
12175
