126424
6076
37786
47888
33876
69003
286586
26604
259758
22742
240465
149940
11851
2331
7323
95742
91062
19284
87880
217547
96060
26022
56850
276585
49590
2561
210386
12052
9535
1275
304640
159628
7128
70164
150382
159610
53175
123200
52815
41044
75969
163856
44096
5240
252720
206004
183210
16468
174588
53720
1593
31608
272510
7203
46644
32439
147675
159940
126100
155976
68810
5683
2873
25830
20060
92336
122192
4096
42685
224510
102036
243860
88746
145843
57728
89828
295264
49368
48672
152266
18032
40700
16218
200590
52660
121392
6783
69970
63370
5900
39259
49536
38982
67200
104600
61092
292440
27082
189520
98329
57369
186541
136780
15192
134604
8118
275620
296140
3570
48426
114237
1284
17876
302898
138040
76728
140208
247820
36298
237248
68238
51056
18546
294510
6402
307914
89298
234588
108250
153006
78376
114240
112600
48618
97573
54525
16165
203620
72220
143332
15715
115020
7884
108544
161194
22602
88608
37560
243954
12078
26078
152038
286192
62928
54735
276320
79116
353660
79892
93256
27948
136720
18980
233008
249930
12068
70356
103600
209355
18099
104382
83963
19902
3360
183280
190440
61558
16345
72108
173907
101205
2460
19380
164948
105665
121511
162358
94515
62864
221663
45104
270769
72094
35892
25038
45676
14595
22646
291760
139008
193680
293616
23068
23930
44476
4744
5430
48978
56896
119232
271035
130446
216502
183079
110592
131032
71058
131760
32912
103189
175164
195000
114656
51280
88896
78248
29646
166749
111882
23240
31549
81939
219438
180348
288640
55470
86805
249504
51300
33600
32980
11040
85080
47504
284300
215586
34524
225524
14000
85605
55930
161448
4904
9486
101736
31941
128156
145044
51060
119028
191807
131119
144680
158191
116584
58548
43810
21370
29515
197460
182787
46932
28120
119067
50472
64032
18030
12954
83700
22640
46122
73944
334746
64344
261915
34520
172240
115536
14952
262066
65132
3708
12476
135984
39124
1414
990
94500
34744
8949
12220
281216
394380
118716
9120
7501
81750
5709
344250
54194
193815
52241
12066
177616
361560
54306
248190
161055
5668
12257
15840
81040
22704
75246
147020
93782
46472
38396
304722
41958
18233
53275
148308
386840
197296
9576
9504
108423
39978
89991
18012
119911
120699
105032
32922
9471
101796
157860
138810
76560
138114
37485
107352
204498
390320
39767
111909
65584
8840
45650
76050
27896
14174
151905
13614
84987
51081
134250
72340
8319
103332
253908
88145
271130
141372
119140
269220
11580
25207
18424
126392
11979
236656
147565
7813
78675
118657
102264
227528
131920
3351
202620
48350
84860
302660
73242
371241
13496
66766
132920
123437
267904
122759
56590
186256
333594
212048
33477
52325
34818
40140
58890
140770
5714
125766
47720
39952
127803
27645
76384
81860
41571
326927
17658
212615
6872
216948
47887
119460
21915
