79015
14756
102562
59860
169380
37638
168580
39906
57724
102339
240465
149940
23702
13986
43938
10638
60708
128560
140608
237324
44828
112762
360050
258146
41325
2167
19126
60260
7628
10200
232960
57010
57024
46776
176920
58040
53175
132000
158445
174437
101292
112651
99216
10480
110565
137336
134354
49404
14549
22120
7965
39510
369835
11319
34983
86504
255075
87967
126100
25996
41286
56830
845
73185
13039
161588
152740
10240
119518
51810
64932
97544
31695
17158
86592
5284
332172
230384
227136
48084
33488
14245
35139
77150
68458
26976
5586
69970
12674
118000
14276
74304
58473
168000
117675
305460
214456
4924
94760
140470
229476
32919
136780
35448
14956
138006
68905
34840
1020
13836
50772
2782
160884
271014
207060
115092
140208
74346
326682
177936
7582
31910
26976
392680
13871
16206
188518
58647
162375
109290
166549
293760
123860
35113
278780
14540
274805
40724
324990
71666
94290
195534
9198
115328
75856
128078
71994
56340
54212
8723
10030
24006
53661
26496
346655
82896
13186
17683
259649
23314
11508
17090
52195
101941
249930
7758
35178
22200
13957
217188
110181
49390
318432
2730
68730
203136
61558
9340
112168
386460
70065
2665
23256
188512
271710
37388
231940
245739
15716
85255
28190
71255
26216
19940
41730
68514
58380
3484
309995
78192
174312
330318
5767
23930
11119
75904
32580
32652
8128
46368
156915
101458
283118
140830
138240
196548
213174
92232
39083
48879
116776
370500
35830
153840
29632
293430
138348
136431
74588
16268
67605
94545
158483
103056
180400
105393
163965
155940
23085
33600
148410
41952
241060
26721
170580
23954
28770
225524
56000
79898
35955
215264
1226
56916
146952
18252
64078
72522
12765
19838
261555
48307
72340
230096
29146
55104
157716
64110
88545
59238
83085
281592
56240
183180
44864
96048
36060
51816
55800
215080
122992
131456
204567
53620
87305
51780
96885
144420
10680
74876
58276
5871
62380
254970
234744
5656
594
210000
121604
41762
42770
158184
295785
79144
32832
2885
109000
17127
114750
69678
77526
89556
44242
188717
144624
42238
148914
64422
24089
171598
6336
121560
52976
12541
117616
79354
11618
95990
304722
113886
36466
85240
148308
58026
197296
38304
30888
132517
46641
16362
76551
43604
26822
262580
87792
11193
135728
333260
39660
86130
92076
29988
306720
29214
253708
42826
303753
81980
11492
20750
182520
41844
77957
87945
81684
26838
17027
214800
162765
133104
241108
56424
93330
114160
41580
53613
249990
6948
31024
18424
252784
15246
202848
201225
46878
57695
16951
153396
211276
92344
13404
202620
77360
152748
121064
81380
117234
25305
49196
186088
116176
172224
122759
33954
199560
185330
172289
66954
52325
7461
57980
17667
112616
54283
140562
202810
4994
49155
110580
66836
16372
18476
153848
64746
228970
4295
289264
88933
167244
26785
