175
336
93
144
76
27
220
204
255
280
60
376
72
250
129
288
98
312
28
360
175
260
164
217
48
111
104
220
165
150
120
174
138
72
175
42
93
294
114
108
450
170
102
123
30
470
185
130
344
256
150
273
280
46
140
156
294
186
288
74
108
132
264
357
80
232
470
180
225
43
96
245
228
168
450
306
312
82
210
48
111
52
88
330
100
234
261
460
70
75
294
279
343
190
270
396
238
255
320
270
329
324
182
129
128
400
273
28
45
315
468
205
155
384
185
27
396
132
400
360
58
460
72
250
42
256
245
380
280
135
68
357
205
30
47
259
260
387
132
350
390
84
184
210
208
210
279
240
342
189
220
272
51
360
87
94
144
250
387
224
294
195
196
135
105
52
123
60
144
148
208
132
33
300
240
29
184
140
25
42
31
49
342
243
315
136
255
287
240
188
360
52
430
32
50
351
252
460
350
104
82
