200
210
155
240
76
216
132
136
255
240
210
282
144
225
301
320
245
312
280
45
105
312
205
279
288
148
182
132
231
450
400
29
230
288
75
168
279
343
190
54
45
34
510
246
120
423
222
156
344
160
150
78
196
230
140
312
420
310
48
37
270
176
264
459
80
145
329
36
125
344
224
98
190
112
360
306
468
205
150
192
296
26
308
231
100
351
232
276
245
125
294
248
147
266
108
308
306
102
240
150
94
324
156
387
320
500
39
28
135
280
416
123
310
96
37
243
220
198
50
320
261
322
36
125
168
192
343
266
28
270
34
204
164
240
235
259
260
387
132
200
39
196
368
280
208
42
217
384
76
243
132
102
153
280
203
376
360
125
86
320
49
351
224
405
315
364
246
120
432
222
260
44
231
400
160
290
322
140
125
126
279
490
342
216
315
34
306
246
30
235
360
78
129
64
400
39
140
414
245
104
369
