125
126
93
384
266
108
220
238
51
80
300
94
216
100
43
192
392
156
140
360
105
260
164
186
432
259
52
352
231
450
120
87
276
72
75
336
93
343
304
27
405
238
357
287
180
329
111
78
215
64
500
312
196
414
280
468
210
310
240
296
216
88
99
510
40
116
282
36
25
301
64
441
190
252
450
272
260
123
90
192
222
130
176
165
50
195
203
322
315
75
84
93
98
228
189
220
340
306
120
180
235
360
78
43
224
250
195
56
90
70
520
328
124
432
333
54
396
99
400
160
29
322
144
125
168
192
490
190
252
405
102
102
369
270
235
370
182
387
33
350
273
140
46
210
104
84
31
144
76
81
264
170
204
200
58
141
144
25
86
224
49
195
280
405
245
52
164
240
144
74
234
308
33
50
160
87
46
140
50
420
248
441
380
270
450
34
102
82
150
47
36
104
215
256
100
156
56
368
70
520
328
