200
84
217
144
38
135
132
340
459
240
60
235
180
225
301
320
441
156
28
270
105
104
287
310
48
148
260
132
99
50
120
203
460
324
25
84
155
147
266
135
360
68
51
287
270
47
74
208
344
32
200
78
196
184
280
52
252
31
48
185
270
176
132
153
280
232
141
180
125
301
320
196
76
224
135
340
260
328
210
192
333
26
396
132
500
39
203
276
175
25
126
186
490
380
243
264
68
510
160
300
188
108
208
129
256
150
351
56
135
350
104
287
124
288
37
135
440
231
50
120
203
322
288
175
252
96
392
114
252
225
204
204
410
240
235
370
260
258
33
400
39
252
414
245
260
42
217
384
228
189
44
102
51
360
29
94
360
75
430
32
147
117
56
270
175
208
410
30
240
185
234
440
33
500
160
87
138
210
100
168
124
147
38
81
180
204
102
41
90
282
216
156
43
64
500
156
168
230
210
52
164
