225
252
186
96
114
243
88
272
408
240
60
141
144
250
258
320
392
351
56
270
210
260
123
217
48
370
208
132
132
350
40
87
230
180
175
252
155
343
304
216
135
34
306
82
240
94
37
208
172
32
450
312
56
276
245
260
336
279
192
296
27
176
66
408
240
145
188
324
25
129
256
245
76
140
405
204
416
123
210
48
111
260
132
198
250
273
261
322
105
200
126
279
441
190
27
352
238
357
200
90
47
288
182
172
96
400
78
112
270
140
468
287
248
336
111
162
440
99
200
360
203
414
288
250
42
224
49
190
252
405
238
510
164
90
47
222
156
172
165
50
234
28
414
350
156
336
124
480
266
54
264
340
408
280
145
47
216
100
258
224
392
39
224
405
350
416
328
180
288
185
78
308
66
500
40
116
414
175
75
126
248
196
266
81
360
136
153
41
90
141
108
208
86
64
100
312
168
368
245
520
82
