125
84
217
48
38
270
88
238
510
120
120
141
288
100
344
320
441
390
224
450
35
364
41
279
288
185
234
88
297
350
320
145
322
144
25
42
31
490
380
243
225
136
204
287
60
94
148
208
86
64
450
78
168
92
350
468
252
155
288
333
81
440
165
153
40
116
235
36
50
258
128
294
152
140
315
238
52
328
180
336
370
260
440
165
250
390
145
322
245
200
126
31
98
38
243
132
170
51
120
270
94
324
78
129
128
450
312
280
225
35
156
287
93
48
333
162
396
66
400
200
174
138
288
100
252
128
343
190
84
180
204
408
41
30
235
74
78
430
66
450
117
252
276
70
468
84
217
96
114
162
264
340
51
200
203
94
36
25
344
320
147
156
28
225
245
364
41
30
96
111
234
176
297
150
320
58
46
70
75
168
93
490
266
54
270
68
153
41
150
423
216
26
344
224
350
234
112
230
175
364
41
