868
21592
10468
25995
3780
3100
40194
43911
1422
5342
31038
39102
6239
27616
28611
8781
414
10158
2331
14394
56190
7323
37233
15177
12856
7152
31941
3393
24750
19212
33957
20384
2892
7630
7698
6165
16530
4915
14512
788
8226
3013
18664
7628
8925
1536
9630
7128
27286
6540
24688
28960
12636
43208
12215
1824
4742
14483
996
12294
2832
20960
6855
18729
10988
14860
10256
783
16088
42
50856
15800
1963
6372
15804
6162
1029
24283
15726
31398
38510
15080
14418
5683
1521
38745
11934
7021
51368
34433
3350
4559
15224
7698
2048
45129
1035
1772
8672
29370
36009
57312
9734
6339
387
1500
10568
20700
38920
72
12880
27355
26280
2035
10812
13527
31596
39382
3990
23208
4522
12880
22410
41300
32121
9144
18576
12428
6286
624
29835
34181
21784
32242
19696
3653
46840
7308
25000
19173
59990
13905
4734
45576
5589
2698
19240
1036
510
9002
2634
44960
2140
25710
41895
11936
871
11192
2284
40992
8398
30135
15885
57438
5058
3250
18576
5335
31722
3460
13288
25320
53307
21064
21896
1605
30680
8103
34293
30930
57470
7270
13710
7956
21832
6684
15370
16368
22400
6620
6735
27560
44032
5256
40370
16098
30456
35232
10320
2151
27915
