4340
5398
10468
31194
3780
12400
11484
18819
3792
5342
17736
16758
62390
6904
9537
8781
552
10158
3885
11995
5619
14646
47871
5059
6428
11920
13689
3393
20625
32020
43659
29120
3856
5450
23094
12330
2755
3932
5442
1970
27420
3013
32662
11442
7650
9216
28890
28512
15592
4578
24688
8688
31590
16203
19544
2432
16597
18621
996
14343
22656
13100
8226
24972
32964
5944
23076
3132
24132
84
44499
3160
1963
12744
7902
12324
2058
20814
23589
5233
15404
10556
48060
28415
1183
34440
19890
5015
38526
44271
16750
36472
19030
3849
10240
45129
2760
7974
9756
9790
36009
63680
29202
38034
3483
3500
47556
8280
19460
216
10304
10942
26280
6105
8109
3006
26330
33756
2394
5802
18088
32200
35856
11800
10707
18288
61920
12428
12572
416
23868
34181
18672
46060
22158
3653
35130
812
56250
19173
47992
25029
14202
40512
11178
26980
38480
5180
5100
9002
6146
17984
214
10284
59850
11936
7839
11192
1713
5124
16796
18081
1765
19146
11802
26000
23220
10670
26435
12110
3322
15825
41461
2633
13685
11235
12272
18907
39192
46395
11494
18175
8226
3978
49122
1671
4611
6138
44800
23170
13470
5512
55040
6570
4037
24147
45684
11744
11610
1434
39081
