475
252
279
288
570
432
352
680
306
320
540
517
180
50
215
256
294
39
532
180
315
52
123
434
960
259
208
264
561
450
400
145
322
360
400
126
620
931
646
135
900
34
816
451
330
141
407
234
473
160
650
78
420
506
490
988
840
620
144
259
486
352
132
51
40
377
470
288
175
215
192
686
190
140
720
510
780
615
210
336
111
364
748
66
650
507
290
736
35
375
42
217
882
456
54
352
442
102
440
600
517
216
520
731
320
250
390
84
90
560
520
82
155
768
333
27
616
528
600
680
174
644
540
350
210
384
931
38
392
270
34
102
328
390
329
629
312
559
297
700
117
280
874
525
468
462
620
768
722
189
176
578
357
760
551
752
684
450
387
640
147
351
560
765
490
104
779
600
528
407
26
440
660
350
200
406
644
350
175
210
155
392
722
243
585
136
255
164
180
846
684
468
129
128
550
780
280
828
385
416
369
