25
42
93
288
570
378
264
170
357
760
510
470
576
250
258
192
539
507
420
765
560
156
697
527
816
185
130
308
495
850
720
464
92
396
450
420
93
637
646
54
585
102
357
369
570
564
481
260
645
608
1000
702
252
598
35
572
714
434
720
740
243
836
429
357
720
232
47
720
375
215
224
637
152
56
810
68
988
205
420
144
481
338
220
33
200
546
319
552
385
375
714
434
441
418
432
748
442
561
440
360
752
432
104
258
288
800
546
252
45
35
104
533
527
720
407
459
616
561
250
400
58
552
108
350
546
384
441
418
112
225
204
459
410
270
141
629
494
860
528
500
39
140
322
245
884
588
558
672
38
459
352
374
816
80
87
705
36
200
602
224
98
780
280
405
175
364
697
420
96
222
52
484
66
900
800
522
368
35
500
378
93
343
342
513
45
646
714
123
600
752
720
416
817
512
250
351
308
230
630
468
164
