50
336
527
576
684
486
572
306
51
600
540
846
36
125
559
352
294
780
308
135
455
520
574
620
336
259
208
484
462
250
280
58
322
720
375
420
279
49
646
459
90
476
816
82
510
940
666
416
86
640
300
78
112
920
700
156
756
310
384
111
81
308
165
663
520
116
188
396
450
387
576
539
684
56
495
204
676
328
180
192
148
520
572
66
500
585
174
230
35
275
336
620
784
38
432
704
306
612
360
300
752
72
468
215
224
150
585
84
450
455
156
820
589
528
296
513
396
462
800
520
406
230
504
150
336
352
931
494
28
540
272
51
205
390
141
666
260
43
165
600
624
504
690
35
364
546
527
624
76
297
88
442
408
80
377
611
288
350
43
384
98
195
476
135
490
468
41
600
864
703
104
44
231
950
80
551
184
210
50
336
31
245
456
135
45
680
459
451
180
329
540
312
817
480
1000
468
224
184
665
312
533
