400
42
93
288
38
270
220
340
306
480
210
658
720
25
817
96
245
312
420
540
280
52
246
558
432
703
390
572
66
400
800
377
690
36
125
420
248
637
418
135
450
68
612
492
240
658
333
442
129
576
750
468
252
46
280
676
378
527
864
185
108
528
627
765
640
232
799
432
225
559
448
245
266
140
360
476
104
533
390
720
740
520
748
462
500
741
87
230
420
475
420
589
784
228
135
88
306
306
800
510
611
216
156
602
608
1000
195
28
585
490
676
123
465
912
703
378
264
231
600
520
580
874
720
125
798
640
882
304
196
495
612
816
533
540
799
555
416
645
660
300
468
392
46
350
208
336
279
816
228
54
748
306
1020
320
116
517
252
500
731
224
980
117
140
225
455
52
41
30
144
370
260
88
495
650
200
580
138
350
200
84
310
931
114
189
450
136
51
287
510
893
576
286
215
576
800
195
56
874
700
936
574
