75
462
558
576
380
162
352
272
306
400
90
611
432
75
774
384
441
702
224
855
490
676
41
465
336
370
260
572
528
450
520
174
184
432
475
504
558
490
114
432
405
680
204
574
90
705
37
286
43
192
300
117
476
184
455
988
756
93
480
148
216
440
297
816
520
58
893
324
450
301
512
735
380
28
225
646
260
738
390
480
296
182
44
165
700
468
29
874
665
325
252
124
882
266
378
572
510
765
160
600
611
504
364
602
96
50
195
308
585
280
468
246
62
240
185
135
352
297
1000
760
522
92
108
175
630
448
882
304
392
720
408
1020
41
120
752
555
520
129
363
250
390
252
598
140
468
420
31
960
228
189
352
408
153
600
290
611
432
350
430
160
637
78
112
810
455
416
656
150
624
259
78
836
627
600
520
580
506
420
475
252
186
784
570
351
405
102
510
820
60
47
252
468
473
32
300
429
308
138
245
468
410
