275
546
310
288
190
270
44
374
1020
200
60
799
216
200
473
256
49
741
448
630
490
1040
164
620
432
666
520
572
165
950
720
58
552
468
450
210
31
147
608
324
360
34
765
820
420
658
148
442
602
608
550
624
140
460
35
520
336
310
768
333
108
264
363
408
120
203
752
720
275
559
128
49
76
448
720
544
364
246
90
768
444
52
352
462
150
741
174
92
175
275
840
589
980
114
513
308
578
816
280
210
705
72
182
430
192
500
390
252
675
350
936
820
31
432
592
378
44
495
900
560
145
368
396
75
42
512
686
418
84
900
102
816
82
540
564
111
416
344
198
900
741
336
138
315
624
546
217
432
76
540
132
612
612
680
29
564
432
450
129
128
539
585
252
405
700
676
492
240
960
148
338
88
528
800
40
58
460
35
475
336
31
490
418
270
180
612
459
41
240
940
648
130
258
96
900
39
196
874
455
676
246
