6944
37786
36638
20796
11340
34100
97614
37638
8532
10684
66510
100548
43673
10356
9537
52686
2484
5079
3885
26389
84285
7323
15957
75885
115704
15496
50193
13572
20625
6404
82467
40768
964
19620
43622
22605
13775
13762
9070
788
24678
48208
18664
3814
20400
18432
48150
7128
46776
11118
6172
23168
88452
37807
9772
1824
26081
41380
3237
24588
28320
2620
23307
37458
109880
11888
41024
3132
20110
546
69927
63200
27482
27081
31608
52377
16464
10407
7863
99427
26957
30160
28836
73879
1690
77490
33813
5015
32105
4919
36850
36472
7612
10264
8192
25788
5175
9746
17344
34265
12003
108256
68138
19017
3483
500
105680
35190
27244
504
23184
32826
5256
38665
21624
6012
84256
112520
798
92832
40698
51520
49302
88500
21414
43434
55728
37284
62860
2912
47736
34181
31120
82908
17234
54795
5855
16240
25000
38346
5999
27810
9468
81024
95013
8094
61568
10360
9180
81018
11414
85424
3424
97698
17955
29840
10452
55960
2284
40992
71383
48216
7060
102112
30348
45500
55728
14938
79305
1730
59796
53805
5923
42128
43792
24075
42952
18907
44091
46395
74711
43620
13710
27846
38206
21723
21518
10230
22400
43030
35920
104728
60544
23652
12111
10732
25380
76336
20640
11472
55830
