7812
53980
62808
93582
71820
34100
109098
94095
2370
53420
4434
67032
56151
48328
47685
2927
1656
15237
8547
35985
50571
34174
69147
25295
12856
22648
59319
13572
70125
70444
92169
11648
6748
3270
46188
39045
13775
1966
3628
788
52098
18078
23330
36233
14025
27648
35310
10692
27286
7194
49376
37648
50544
108020
31759
9120
9484
16552
4980
4098
39648
26200
6855
93645
21976
25262
46152
11745
60330
714
108069
9480
17667
23895
43461
12324
5145
3469
39315
62796
19255
9048
62478
45464
2535
21525
23868
2006
51368
98380
6700
63826
68508
12830
14336
64470
1725
886
3252
73425
4001
101888
63271
69729
2709
4000
36988
31050
23352
144
48944
60181
105120
10175
21624
30060
31596
84390
6783
46416
90440
109480
76194
41300
32121
27432
92880
49712
31430
3744
47736
19532
6224
92120
2462
54795
35130
13804
87500
38346
101983
41715
15780
60768
16767
51262
57720
4144
10200
13503
878
31472
3638
77130
71820
5968
871
41970
9136
61488
16796
60270
24710
25528
18546
32500
13932
5335
95166
19030
16610
53805
118460
2633
27370
32100
27612
10804
83283
20620
34482
29080
17823
27846
43664
25065
23055
10230
44800
3310
8980
110240
71552
9198
36333
24147
81216
5872
14190
3585
66996
