17360
107960
104680
103980
56700
18600
103356
18819
474
37394
44340
27930
43673
58684
6358
11708
2070
30474
6216
40783
11238
19528
58509
75885
77136
11920
9126
30537
37125
121676
72765
37856
3856
5450
51320
6165
22040
15728
30838
1379
38388
57247
83988
17163
16575
27648
44940
17820
7796
7848
61720
20272
75816
97218
36645
9728
16597
26897
2490
36882
14160
39300
27420
99888
10988
10402
15384
12528
16088
630
120783
15800
7852
1593
35559
46215
17493
10407
10484
94194
34659
24128
52866
96611
507
43050
35802
10030
51368
59028
33500
18236
26642
23094
1024
109599
6900
4430
21680
4895
40010
101888
77872
44373
5805
2000
58124
6210
42812
288
2576
38297
63072
16280
29733
6012
73724
67512
3990
46416
90440
83720
58266
23600
10707
4572
30960
24856
125720
1248
101439
68362
12448
78302
17234
69407
52695
15428
62500
41085
77987
25029
26826
91152
5589
53960
73112
17612
4080
72016
5268
17984
2354
51420
35910
13428
1742
53162
9136
25620
33592
114513
12355
114876
20232
39000
92880
10670
100453
32870
39864
3165
29615
44761
46529
4815
42952
43216
14697
36085
11494
18175
23307
1989
38206
33420
19981
16368
100800
29790
11225
38584
104576
5256
80740
5366
5076
23488
3870
2868
94911
