31606
1736
10796
23944
22584
12546
33716
8868
28862
22742
32062
16660
3386
1554
4882
10638
10118
12856
35152
39554
12808
17348
37900
36878
5510
394
38252
6026
3814
2550
35840
22804
7128
7796
17692
29020
21270
17600
21126
20522
16882
20482
22048
5240
31590
34334
24428
16468
29098
6320
3186
7902
38930
2058
23322
21626
26850
15994
19400
25996
13762
11366
338
8610
2006
23084
15274
2048
17074
34540
18552
24386
12678
17158
14432
10568
36908
32912
32448
16028
5152
4070
5406
30860
10532
13488
798
27988
25348
11800
7138
12384
38982
16800
26150
30546
38992
4924
23690
28094
38246
21946
19540
10128
29912
16236
27562
34840
1020
13836
25386
428
35752
31884
34510
38364
17526
24782
36298
29656
15164
12764
3372
39268
2134
32412
19844
39098
21650
21858
19594
32640
22520
5402
27878
7270
32330
20362
36110
20476
31430
23004
2628
13568
18964
15068
11076
7512
27106
1342
4012
16004
35774
6624
36490
27632
13186
35366
39946
23314
3288
34180
9490
29126
27770
1724
11726
14800
27914
36198
11598
9878
39804
420
22910
25392
8794
4670
16024
38646
15570
410
3876
23564
30190
18694
23194
37806
31432
34102
5638
28502
13108
3988
16692
22838
5838
3484
36470
17376
38736
36702
11534
4786
22238
9488
3620
16326
16256
13248
28530
28988
33308
28166
18432
32758
23686
26352
4114
10862
29194
39000
14332
20512
14816
39124
19764
30318
37294
2324
9014
12606
24382
25764
36080
11094
19290
31188
5130
11200
32980
4416
28360
5938
28430
23954
5754
34696
28000
11414
7990
26908
2452
9486
22608
9126
18308
16116
25530
39676
34874
13802
36170
28762
29146
6888
17524
21370
11806
39492
33234
31288
14060
18318
11216
16008
18030
25908
9300
22640
15374
16432
37194
21448
34922
6904
21530
28884
2136
37438
6856
618
24952
33996
39124
1414
396
21000
34744
5966
12220
35152
39438
39572
3648
1154
10900
3806
38250
7742
25842
14926
8044
22202
36156
6034
33092
21474
2834
24514
1584
16208
15136
25082
14702
14428
11618
38396
33858
11988
36466
21310
17448
38684
24662
9576
4752
24094
13326
16362
9006
21802
26822
26258
21948
1722
33932
35080
19830
9570
30692
4998
30672
29214
39032
6118
31974
32792
1768
8300
30420
13948
14174
15990
13614
8946
34054
26850
36170
16638
34444
28212
10370
28540
16632
11914
38460
2316
3878
18424
36112
2178
33808
26830
15626
10490
33902
25566
32504
26384
6702
27016
19340
33944
30266
16276
39078
3374
7028
26584
14522
38272
18886
22636
26608
37066
26506
22318
20930
4974
8920
11778
28154
5714
14796
23860
4994
19662
18430
19096
32744
9238
38462
11772
32710
1718
36158
13682
23892
4870
