125
210
155
240
190
135
220
170
255
200
150
235
180
125
215
160
245
195
140
225
175
260
205
155
240
185
130
220
165
250
200
145
230
180
125
210
155
245
190
135
225
170
255
205
150
235
185
130
215
160
250
195
140
230
175
260
210
155
240
185
135
220
165
255
200
145
235
180
125
215
160
245
190
140
225
170
260
205
150
240
185
130
220
165
250
195
145
230
175
125
210
155
245
190
135
220
170
255
200
150
235
180
130
215
160
250
195
140
225
175
260
205
155
240
185
135
220
165
250
200
145
230
180
125
210
160
245
190
140
225
170
255
205
150
235
185
130
215
165
250
195
140
230
175
260
210
155
240
190
135
220
170
255
200
145
235
180
125
215
160
245
195
140
225
175
260
205
150
240
185
130
220
165
250
200
145
230
175
125
210
155
245
190
135
225
170
255
205
150
235
180
130
215
160
250
195
140
230
175
260
205
155
240
185
135
220
165
255
200
145
235
180
125
210
160
245
190
140
225
170
260
205
150
240
185
130
215
165
250
195
145
230
175
125
210
155
240
190
135
220
170
255
200
150
235
180
130
215
160
245
195
140
225
175
260
205
155
240
185
130
220
165
250
200
145
230
180
125
210
160
245
190
135
225
170
255
205
150
235
185
130
215
160
250
195
140
230
175
260
210
155
240
190
135
220
165
255
200
145
235
180
125
215
160
245
195
140
225
170
260
205
150
240
185
130
220
165
250
195
145
230
175
125
210
155
245
190
135
225
170
255
200
150
235
180
130
215
160
250
195
140
225
175
260
205
155
240
185
135
220
165
255
200
145
230
180
125
210
160
245
190
140
225
170
260
205
150
235
185
130
215
165
250
195
145
230
175
260
210
155
240
190
135
220
170
255
200
150
235
180
125
215
160
245
195
140
225
175
260
205
150
240
185
130
220
165
250
200
145
230
180
125
210
155
245
190
135
225
170
255
205
150
235
180
130
215
160
250
195
140
