NAME: gr431_full_jobs
TYPE: VRP-RPD
COMMENT: Full gr431 with all 430 customers (node 1 is depot)
DEPOT: 1
NUM_AGENTS: 6
RESOURCES_PER_AGENT: 4
JOB_TIMES_SECTION
2 125
3 210
4 155
5 240
6 190
7 135
8 220
9 170
10 255
11 200
12 150
13 235
14 180
15 125
16 215
17 160
18 245
19 195
20 140
21 225
22 175
23 260
24 205
25 155
26 240
27 185
28 130
29 220
30 165
31 250
32 200
33 145
34 230
35 180
36 125
37 210
38 155
39 245
40 190
41 135
42 225
43 170
44 255
45 205
46 150
47 235
48 185
49 130
50 215
51 160
52 250
53 195
54 140
55 230
56 175
57 260
58 210
59 155
60 240
61 185
62 135
63 220
64 165
65 255
66 200
67 145
68 235
69 180
70 125
71 215
72 160
73 245
74 190
75 140
76 225
77 170
78 260
79 205
80 150
81 240
82 185
83 130
84 220
85 165
86 250
87 195
88 145
89 230
90 175
91 125
92 210
93 155
94 245
95 190
96 135
97 220
98 170
99 255
100 200
101 150
102 235
103 180
104 130
105 215
106 160
107 250
108 195
109 140
110 225
111 175
112 260
113 205
114 155
115 240
116 185
117 135
118 220
119 165
120 250
121 200
122 145
123 230
124 180
125 125
126 210
127 160
128 245
129 190
130 140
131 225
132 170
133 255
134 205
135 150
136 235
137 185
138 130
139 215
140 165
141 250
142 195
143 140
144 230
145 175
146 260
147 210
148 155
149 240
150 190
151 135
152 220
153 170
154 255
155 200
156 145
157 235
158 180
159 125
160 215
161 160
162 245
163 195
164 140
165 225
166 175
167 260
168 205
169 150
170 240
171 185
172 130
173 220
174 165
175 250
176 200
177 145
178 230
179 175
180 125
181 210
182 155
183 245
184 190
185 135
186 225
187 170
188 255
189 205
190 150
191 235
192 180
193 130
194 215
195 160
196 250
197 195
198 140
199 230
200 175
201 260
202 205
203 155
204 240
205 185
206 135
207 220
208 165
209 255
210 200
211 145
212 235
213 180
214 125
215 210
216 160
217 245
218 190
219 140
220 225
221 170
222 260
223 205
224 150
225 240
226 185
227 130
228 215
229 165
230 250
231 195
232 145
233 230
234 175
235 125
236 210
237 155
238 240
239 190
240 135
241 220
242 170
243 255
244 200
245 150
246 235
247 180
248 130
249 215
250 160
251 245
252 195
253 140
254 225
255 175
256 260
257 205
258 155
259 240
260 185
261 130
262 220
263 165
264 250
265 200
266 145
267 230
268 180
269 125
270 210
271 160
272 245
273 190
274 135
275 225
276 170
277 255
278 205
279 150
280 235
281 185
282 130
283 215
284 160
285 250
286 195
287 140
288 230
289 175
290 260
291 210
292 155
293 240
294 190
295 135
296 220
297 165
298 255
299 200
300 145
301 235
302 180
303 125
304 215
305 160
306 245
307 195
308 140
309 225
310 170
311 260
312 205
313 150
314 240
315 185
316 130
317 220
318 165
319 250
320 195
321 145
322 230
323 175
324 125
325 210
326 155
327 245
328 190
329 135
330 225
331 170
332 255
333 200
334 150
335 235
336 180
337 130
338 215
339 160
340 250
341 195
342 140
343 225
344 175
345 260
346 205
347 155
348 240
349 185
350 135
351 220
352 165
353 255
354 200
355 145
356 230
357 180
358 125
359 210
360 160
361 245
362 190
363 140
364 225
365 170
366 260
367 205
368 150
369 235
370 185
371 130
372 215
373 165
374 250
375 195
376 145
377 230
378 175
379 260
380 210
381 155
382 240
383 190
384 135
385 220
386 170
387 255
388 200
389 150
390 235
391 180
392 125
393 215
394 160
395 245
396 195
397 140
398 225
399 175
400 260
401 205
402 150
403 240
404 185
405 130
406 220
407 165
408 250
409 200
410 145
411 230
412 180
413 125
414 210
415 155
416 245
417 190
418 135
419 225
420 170
421 255
422 205
423 150
424 235
425 180
426 130
427 215
428 160
429 250
430 195
431 140
EOF
