125
378
31
864
114
405
440
306
255
480
240
893
468
425
473
192
735
546
476
270
35
988
164
558
864
148
156
220
330
650
520
116
414
216
450
84
620
784
38
162
45
680
765
779
30
940
518
208
516
128
550
780
84
138
560
572
294
248
192
555
54
220
396
357
320
464
940
576
25
774
416
98
380
224
675
544
624
738
450
288
444
182
660
99
800
195
58
184
385
200
336
248
49
38
189
264
374
663
760
420
423
540
234
129
224
400
117
112
540
105
1040
574
527
384
740
270
792
330
300
200
406
644
252
75
504
320
343
38
532
900
34
357
410
570
188
296
78
516
429
550
273
364
644
560
156
294
403
480
532
189
484
102
510
440
174
282
612
125
301
160
539
273
280
765
385
312
820
450
960
703
182
396
660
700
480
435
690
385
450
336
248
588
228
108
900
544
51
533
300
47
504
260
129
160
350
117
308
414
70
260
410
279
720
629
189
44
495
561
40
116
611
252
125
672
32
343
342
532
180
306
208
41
360
240
481
520
559
231
700
390
174
690
175
75
252
403
432
418
270
308
442
816
560
510
752
720
364
688
320
637
624
168
585
700
884
574
217
48
111
208
308
264
250
640
580
828
648
125
168
480
49
228
378
720
136
1020
779
390
141
370
520
430
640
200
702
336
184
350
780
504
434
192
532
54
308
594
510
760
319
235
468
25
602
544
294
234
476
675
646
572
533
90
480
111
26
836
429
650
117
348
920
210
500
294
186
539
570
459
900
68
918
680
330
94
504
494
43
224
100
312
280
720
105
156
246
62
240
592
189
44
165
408
680
348
874
396
100
210
608
245
76
420
225
170
364
82
210
376
444
468
215
264
400
741
522
920
420
156
168
124
384
760
513
704
544
408
720
450
940
216
375
774
480
637
585
504
270
280
676
41
540
480
222
130
836
429
700
440
116
460
324
225
714
403
539
570
243
315
34
663
205
30
611
612
78
430
576
500
741
560
184
665
884
630
155
96
222
513
748
99
153
280
29
47
612
225
344
224
931
152
280
135
646
936
164
90
720
703
364
344
231
50
429
29
690
315
475
462
62
490
380
216
264
510
204
760
180
893
648
26
215
544
441
351
112
630
105
676
779
217
672
222
243
88
561
850
440
116
644
288
125
336
544
196
266
448
45
374
816
410
90
94
296
416
602
198
300
546
308
920
315
208
462
155
576
684
189
748
408
153
560
232
517
576
425
129
128
686
390
252
630
476
884
369
480
192
259
156
880
66
200
80
174
920
140
275
714
341
196
152
486
540
578
153
160
60
188
360
338
86
160
350
468
224
506
665
676
697
186
816
703
27
176
297
102
720
116
235
288
275
588
256
147
494
448
585
442
104
205
450
188
481
468
817
198
750
663
522
828
315
375
714
465
144
684
81
880
238
918
320
300
752
540
50
516
96
49
351
448
360
35
936
41
186
816
222
104
308
132
150
400
493
276
360
75
420
248
49
342
270
450
442
969
615
540
893
370
130
473
608
700
312
280
874
35
52
126
589
720
532
459
880
264
408
360
348
47
72
225
172
640
588
114
84
315
68
364
41
450
624
481
78
704
33
650
156
377
598
630
225
588
310
882
190
27
880
578
816
200
510
470
612
78
731
128
900
507
532
585
700
260
328
279
432
333
54
484
396
765
200
290
736
540
150
126
256
931
532
196
585
170
51
779
90
658
37
234
817
330
200
624
174
322
105
1040
42
93
720
76
351
616
578
663
320
435
235
144
450
516
576
931
273
336
765
315
104
410
480
96
444
390
132
