150
252
403
672
342
459
440
680
204
680
390
188
360
325
258
576
833
312
364
315
385
936
82
372
336
259
78
528
99
350
120
203
552
504
100
168
465
49
228
432
765
340
816
287
300
470
555
494
301
480
300
234
224
920
140
832
546
93
960
518
486
264
198
612
680
522
517
612
225
301
128
343
418
448
450
34
884
615
300
720
333
26
660
231
1000
624
145
874
490
100
672
372
686
418
405
704
646
969
80
390
188
612
208
430
288
250
429
112
135
595
104
820
341
432
407
297
132
627
250
400
116
552
180
425
588
256
490
684
252
45
102
714
123
450
94
481
234
860
132
500
390
308
322
280
832
504
186
48
152
324
572
680
204
360
406
188
468
250
129
384
784
312
196
720
490
884
369
30
960
111
182
396
99
800
680
87
46
700
25
672
124
931
456
432
180
340
612
164
300
893
432
104
387
608
600
429
504
322
630
832
287
403
864
74
405
264
660
663
560
87
799
72
450
378
256
833
646
84
585
612
520
697
150
720
222
182
43
660
1000
78
435
46
350
325
378
279
528
38
216
44
34
663
40
270
564
144
520
860
64
833
117
476
720
280
364
82
31
288
592
338
352
165
750
240
174
322
576
200
588
640
539
76
243
315
170
663
82
330
893
74
234
645
256
600
273
308
230
210
728
504
279
912
266
54
528
231
969
600
203
470
432
100
301
384
980
741
392
450
170
728
82
390
96
37
520
792
660
750
234
435
414
35
275
126
279
392
152
351
450
102
153
800
600
141
252
364
516
448
500
78
168
540
350
312
574
62
96
518
135
792
627
306
240
203
782
324
175
504
480
980
760
196
810
680
572
779
300
564
666
494
258
165
550
117
464
414
560
572
252
620
432
760
405
660
408
663
480
330
188
216
425
731
640
539
546
196
810
245
728
656
420
672
444
390
88
231
150
40
87
276
180
75
336
248
833
608
324
315
306
306
123
300
470
612
182
473
320
550
585
280
874
595
884
336
620
672
629
189
792
165
612
200
348
470
252
50
860
224
539
304
308
270
102
624
123
480
336
370
338
602
33
700
702
551
874
175
225
672
124
588
608
297
616
136
51
720
60
141
72
182
43
192
294
156
140
315
665
572
492
124
288
148
378
880
561
400
200
203
230
648
300
378
128
441
190
168
630
272
255
574
150
188
370
234
473
231
800
156
308
92
315
572
168
620
624
608
486
660
544
918
680
58
141
144
300
860
128
343
234
392
810
340
312
287
180
624
259
286
528
297
700
800
58
322
245
325
798
217
147
76
297
675
102
969
600
240
282
252
468
172
384
500
429
308
230
525
936
656
434
288
481
27
264
231
561
560
290
47
684
200
42
640
980
760
504
630
578
1040
123
600
564
37
416
774
462
800
741
377
874
665
500
798
217
816
152
513
176
646
510
720
450
423
468
100
258
256
147
780
28
90
175
520
123
372
528
148
416
484
561
650
280
435
322
396
175
294
186
784
76
135
765
646
1020
533
420
658
629
364
774
384
900
351
196
138
105
676
252
93
96
494
324
132
330
1020
360
435
329
720
325
516
320
343
114
28
495
408
780
656
90
96
259
52
220
495
550
741
406
92
630
450
798
341
882
494
540
660
680
357
440
510
470
252
234
258
224
200
351
532
405
385
312
164
186
576
666
378
88
462
255
40
580
782
144
450
84
288
98
722
560
855
136
561
164
300
188
370
26
516
66
900
468
29
138
280
468
672
279
288
760
351
352
476
459
120
174
282
504
250
645
160
539
351
224
855
210
520
451
210
960
481
26
440
