100
42
341
960
228
27
792
442
561
280
480
470
684
225
516
384
882
273
560
315
105
884
492
434
624
407
234
836
264
450
600
493
184
180
350
714
558
833
152
27
720
612
663
328
180
94
111
520
645
64
350
39
448
782
140
780
588
155
384
222
297
484
561
918
160
87
940
144
150
645
480
686
152
336
180
612
52
615
510
432
370
130
396
429
750
546
29
92
315
125
504
620
735
532
297
704
102
306
440
270
470
432
468
430
480
950
468
84
900
455
156
369
589
960
37
81
396
33
950
40
319
460
360
250
798
448
294
456
140
180
476
612
328
540
940
555
182
817
66
750
507
364
598
560
624
210
279
480
228
27
352
136
561
640
551
893
576
25
559
384
882
117
112
225
315
624
82
480
720
666
208
616
264
550
80
580
644
595
50
168
589
245
190
405
180
476
714
246
210
940
288
312
258
448
50
117
420
690
210
728
451
341
816
111
189
220
462
204
280
319
423
180
375
42
96
882
190
196
315
170
104
82
180
528
296
52
387
429
800
390
29
690
140
450
504
248
384
152
81
484
442
510
680
240
517
504
156
774
480
539
273
112
765
315
936
328
248
624
370
494
220
132
600
200
551
644
324
300
714
480
147
494
351
315
680
357
82
210
235
222
104
602
576
850
78
420
46
140
884
210
93
528
418
432
396
99
255
480
116
282
144
450
774
224
343
390
28
135
544
988
123
570
480
333
286
528
528
700
507
551
598
175
300
294
434
735
152
108
720
136
255
80
240
470
432
416
387
128
750
429
364
540
700
312
287
31
96
185
162
440
198
255
320
435
138
468
325
420
256
343
266
336
135
680
1040
820
450
282
111
78
129
363
250
780
174
690
35
1040
798
217
96
532
432
616
306
255
80
120
141
576
200
129
64
147
78
560
180
35
468
533
60
96
407
156
88
330
950
440
377
644
648
325
504
93
49
266
486
900
408
357
656
180
235
540
442
344
608
300
780
28
276
385
364
252
310
432
629
486
792
33
816
560
580
658
432
375
688
416
539
380
196
855
408
1040
246
540
912
148
234
602
264
150
234
290
506
280
225
630
279
931
114
81
572
68
867
360
450
846
144
468
258
160
294
273
252
405
665
520
369
465
480
666
270
748
396
650
800
290
460
396
75
378
192
196
456
420
225
680
969
123
270
235
481
52
688
99
400
273
532
138
315
416
756
155
720
494
270
572
136
255
280
580
564
396
225
516
160
539
741
112
315
510
312
41
420
720
555
182
88
660
750
720
29
368
700
500
294
279
637
684
351
270
68
816
440
210
893
144
520
129
608
350
702
168
782
665
156
697
217
528
37
405
352
660
867
400
522
517
396
25
504
64
637
646
112
540
136
156
369
420
235
555
442
473
429
700
234
87
736
455
150
630
186
480
304
459
176
340
459
480
420
564
108
225
817
640
735
429
196
90
105
520
369
403
336
296
468
396
363
550
400
319
46
108
125
210
155
147
760
459
765
340
918
164
210
141
185
52
516
640
400
78
504
874
595
1040
336
31
912
190
162
220
66
306
400
87
752
504
350
817
480
98
494
476
315
612
312
738
180
624
518
390
440
66
50
39
580
736
560
200
462
310
931
532
162
528
680
612
760
30
188
180
78
301
384
550
273
56
180
210
572
328
279
336
518
243
572
462
969
320
435
92
504
400
462
448
490
380
28
315
102
459
697
180
282
148
78
860
297
550
624
174
46
420
624
462
248
288
152
351
792
374
612
440
29
235
468
500
430
384
49
468
476
315
455
104
615
180
240
666
442
440
