475
798
217
912
190
486
792
476
663
680
570
799
36
100
43
416
539
234
476
540
350
520
287
62
528
222
182
616
132
450
160
406
368
540
25
630
186
784
342
135
45
68
612
82
180
940
370
26
645
608
1000
312
560
690
560
936
714
93
96
333
459
528
627
204
480
580
47
432
225
258
320
882
570
476
450
68
520
164
300
768
148
234
44
561
850
585
464
874
420
75
462
403
980
722
162
220
646
204
280
450
893
72
78
559
576
850
390
28
450
560
676
328
248
48
740
513
440
528
1000
160
290
184
396
475
252
544
490
190
420
585
544
765
369
120
658
407
208
645
297
700
507
420
828
385
728
294
465
192
494
270
352
442
153
160
116
611
612
300
817
384
245
390
84
720
140
728
697
480
480
592
468
264
363
700
320
261
322
210
275
126
31
196
114
27
270
612
867
287
120
423
684
78
387
96
100
117
84
230
70
156
615
310
720
333
486
132
363
816
760
406
188
684
225
210
224
833
76
168
135
204
468
451
540
240
333
416
43
561
50
624
58
874
210
375
714
372
720
342
189
616
340
306
440
270
282
360
390
86
192
637
780
112
495
350
676
533
434
960
185
26
704
198
950
600
145
230
288
100
714
480
49
646
378
360
238
510
369
360
376
703
390
516
64
900
234
532
46
245
884
462
403
960
646
54
220
594
510
360
29
235
540
425
301
448
245
507
504
405
680
520
164
300
720
740
52
396
330
750
429
87
552
280
400
840
186
637
38
378
45
612
255
320
510
235
36
26
43
192
1000
624
504
45
490
832
738
155
432
518
297
484
231
51
800
145
230
216
150
168
160
833
684
112
585
680
52
287
330
846
259
156
215
264
300
624
145
368
350
468
210
279
144
494
54
748
238
918
680
90
423
648
475
860
288
882
234
168
315
245
260
246
510
480
518
338
176
660
950
760
435
138
72
425
168
527
637
266
135
180
272
408
615
330
282
108
234
516
384
500
351
420
230
175
832
42
62
432
629
540
880
528
459
360
174
282
396
500
645
224
98
266
448
405
578
624
82
510
336
555
234
344
165
100
78
377
46
630
200
42
465
784
304
378
572
544
612
680
360
893
612
390
688
96
539
585
224
360
280
572
328
527
336
592
513
88
198
400
720
551
460
72
275
588
640
490
570
364
180
680
306
615
510
188
185
52
645
660
650
195
252
828
70
988
840
372
288
228
243
220
510
561
560
116
705
288
375
215
64
147
624
28
135
136
780
451
330
528
481
390
660
330
800
320
348
184
70
350
630
310
490
342
540
900
578
969
80
480
188
468
416
688
544
850
78
224
46
210
520
779
155
384
37
27
792
231
408
400
116
846
576
100
462
352
49
266
560
315
68
416
697
30
329
444
234
301
132
400
585
232
184
175
475
504
31
432
684
459
792
136
1020
720
480
564
684
475
645
256
245
234
532
225
560
884
82
620
912
185
442
352
627
900
520
203
874
144
50
588
186
49
342
378
675
612
714
287
60
376
666
78
559
608
150
741
252
828
455
832
84
465
624
760
486
616
297
459
360
551
141
144
450
516
96
98
152
308
405
204
780
246
330
528
555
208
44
132
850
78
493
736
175
275
714
310
294
304
27
220
204
816
240
480
564
216
104
516
192
800
195
224
135
140
468
328
310
144
481
351
352
594
306
560
435
690
432
475
630
160
735
570
420
180
646
867
369
420
47
444
182
430
429
550
585
290
92
700
676
756
248
432
684
378
880
578
816
160
406
470
468
150
860
160
931
117
448
720
245
676
41
330
384
740
26
792
