475
798
217
960
114
432
572
544
51
640
30
47
180
150
645
608
686
234
252
450
385
312
615
527
480
259
26
44
264
1000
720
464
782
72
350
420
434
539
722
270
900
102
918
574
540
470
740
442
688
288
1000
273
168
46
245
988
210
186
624
666
351
748
528
51
280
464
564
432
400
774
384
490
418
448
585
374
364
41
570
240
333
364
440
231
50
663
116
368
175
125
252
372
735
456
27
396
102
255
240
420
611
360
208
516
32
950
351
308
540
525
416
164
310
912
185
378
616
198
250
360
464
690
504
25
294
576
245
646
56
720
102
102
82
150
423
407
442
731
462
450
156
420
874
280
1040
840
403
960
608
540
352
272
1020
280
232
799
252
175
731
480
686
702
476
315
630
676
697
570
816
185
312
748
132
750
280
522
644
630
100
546
372
294
190
216
495
68
816
820
600
376
576
468
688
256
600
195
112
874
700
884
41
403
816
333
540
572
33
357
280
290
282
720
500
504
64
882
494
420
225
170
728
574
180
864
111
52
645
429
750
585
435
828
490
375
336
620
768
114
486
132
680
102
480
570
705
324
364
731
608
931
312
196
90
420
364
656
279
96
518
156
396
165
650
160
58
368
288
125
378
576
784
608
189
585
408
204
697
540
423
740
104
860
576
700
507
84
322
175
988
420
31
624
304
324
704
198
459
600
377
329
720
450
516
512
245
507
476
495
68
52
615
150
864
370
208
748
396
850
39
29
874
700
475
714
434
686
722
162
405
374
51
440
90
423
720
26
430
544
750
312
336
900
560
624
369
248
480
407
216
572
330
1020
760
377
184
72
400
672
608
980
570
420
225
170
312
205
420
470
481
78
473
264
400
78
29
230
560
52
210
465
576
76
432
616
680
816
560
570
376
648
50
473
128
441
468
224
810
455
1040
41
120
672
629
78
220
66
800
440
29
92
36
325
840
620
147
456
324
765
408
969
328
570
282
180
234
387
352
600
546
308
276
245
312
210
124
480
666
540
440
297
153
280
580
893
684
300
129
480
637
722
560
315
238
104
328
540
144
407
364
817
363
950
78
464
46
420
350
840
372
147
38
378
308
476
204
120
150
799
576
260
86
544
196
117
420
315
35
676
779
620
384
629
135
132
297
550
200
522
690
612
475
840
608
931
494
140
765
646
408
41
180
846
370
52
516
165
150
663
336
92
385
676
84
558
336
152
513
176
170
714
80
261
846
432
425
817
448
539
351
560
810
102
936
369
270
48
740
208
792
462
600
400
435
138
700
150
672
62
588
342
459
675
340
867
640
60
517
468
338
215
256
50
78
336
598
35
988
410
279
624
148
324
44
132
255
320
319
94
504
325
504
416
686
76
336
45
408
1040
41
510
564
444
390
602
363
800
702
551
322
560
475
336
589
192
760
270
704
306
408
600
150
893
684
50
301
352
245
117
532
585
35
988
164
31
240
555
364
396
528
150
400
174
414
288
150
126
124
147
722
54
225
476
714
205
240
752
555
182
774
128
400
312
28
920
630
416
168
279
576
228
216
704
594
51
280
290
611
252
175
258
544
735
342
140
540
476
572
533
540
624
518
468
88
363
900
78
58
92
420
450
798
372
343
684
108
484
544
612
80
90
517
324
208
774
352
750
702
112
810
70
832
615
620
432
740
108
440
561
867
160
348
184
360
225
588
448
147
760
560
495
306
204
615
90
94
37
364
516
462
250
507
377
644
630
936
504
310
528
418
216
572
272
816
640
406
658
432
500
860
384
980
780
56
270
280
468
410
150
384
666
104
616
