75
126
31
48
76
432
704
612
408
160
510
282
504
175
688
288
147
741
504
720
70
364
246
186
528
74
442
132
660
350
320
580
230
216
400
378
310
588
342
324
450
340
816
246
450
799
592
520
258
320
500
585
420
138
525
520
42
434
624
666
351
660
627
969
360
145
47
468
100
301
512
686
760
504
270
238
780
533
90
864
185
286
880
231
50
702
464
782
560
475
42
620
147
228
459
132
204
153
240
390
329
396
468
172
384
700
624
84
90
210
676
246
186
528
148
540
308
231
550
560
145
782
360
250
336
512
294
684
168
765
306
51
164
180
564
185
52
86
297
400
234
56
874
105
936
252
527
192
190
270
704
680
663
560
406
705
612
175
43
224
196
624
168
900
315
104
820
600
336
592
312
132
231
800
560
522
414
595
100
420
124
980
494
432
855
680
204
738
300
517
108
520
215
32
850
351
560
644
420
416
697
341
144
703
243
88
396
663
720
290
564
684
175
378
64
196
76
420
540
204
936
615
600
960
592
156
215
363
800
429
58
230
210
275
840
248
192
228
162
704
204
612
360
300
893
432
286
43
256
49
585
532
495
630
260
451
279
672
592
390
220
264
1000
520
435
736
612
175
798
32
735
418
81
630
238
918
41
390
658
222
338
688
640
500
39
560
874
70
780
294
465
240
228
540
176
528
663
360
522
47
252
325
129
320
588
390
252
45
204
1040
123
600
576
481
286
44
363
850
351
522
460
105
225
798
186
245
684
216
495
442
102
200
150
893
288
312
129
96
800
390
476
585
245
728
820
248
864
74
324
792
297
663
80
464
46
324
200
462
128
784
456
560
315
102
780
246
420
141
74
468
387
363
650
273
87
414
525
988
546
124
288
532
297
88
578
918
800
600
752
432
275
731
352
343
624
532
900
560
936
697
90
672
518
442
88
660
650
440
87
184
684
450
714
558
735
380
270
720
238
306
123
480
705
612
286
430
352
750
390
448
690
35
676
84
527
528
407
486
748
231
510
720
348
658
360
200
258
480
588
380
84
135
374
728
492
150
768
555
52
129
396
650
234
377
598
700
475
756
93
882
76
324
220
510
969
200
30
94
648
286
387
416
392
156
392
405
490
104
533
403
480
703
189
264
264
800
440
319
828
252
425
714
224
392
304
84
405
646
408
205
360
470
629
286
817
198
850
234
28
598
490
728
462
217
432
608
540
660
102
102
760
29
47
180
450
129
32
98
39
196
270
476
676
574
90
720
666
26
748
561
650
360
290
920
665
75
546
155
784
608
378
540
34
255
800
300
282
432
52
129
160
250
741
112
552
245
624
287
465
528
703
162
704
99
969
600
377
611
144
325
252
320
245
760
196
315
578
52
164
60
752
74
104
645
495
500
390
377
46
630
200
420
558
624
342
513
176
544
561
40
450
846
252
100
215
224
392
156
308
360
315
1040
656
403
288
148
416
440
99
50
320
435
552
144
250
168
403
441
684
378
585
578
969
738
180
329
740
390
301
160
750
663
364
92
210
884
420
620
672
266
324
528
396
51
120
145
141
720
475
129
288
931
722
336
225
374
364
451
570
576
296
26
132
627
650
468
261
874
560
50
462
620
490
342
324
836
646
204
360
330
235
108
26
215
64
350
663
504
720
35
780
123
248
672
37
270
220
99
255
160
29
92
360
350
756
512
980
608
336
225
102
102
82
510
470
666
364
473
330
300
468
319
644
595
676
210
186
288
760
54
484
306
510
160
435
141
36
300
559
512
343
780
140
900
245
728
779
60
720
37
338
396
