125
546
465
288
342
27
748
680
663
240
540
752
72
75
344
160
196
468
364
630
525
104
123
620
144
629
390
176
495
200
40
261
506
720
475
840
186
98
608
81
765
680
918
41
150
282
111
208
172
576
950
507
56
506
70
364
420
403
192
111
432
352
330
153
640
261
141
324
350
516
384
490
418
84
270
272
364
451
360
912
111
364
440
660
150
468
406
598
245
25
294
403
343
304
459
616
340
867
520
330
47
72
390
430
288
350
429
168
495
35
156
779
93
672
444
216
572
297
750
40
377
644
720
350
672
512
833
152
196
405
102
510
451
150
423
333
468
602
297
950
117
308
322
420
52
798
31
432
266
324
132
578
459
80
377
329
720
125
860
288
637
468
112
315
175
780
123
60
96
370
520
836
132
300
560
261
368
595
225
672
31
980
684
108
855
204
51
492
60
940
144
338
301
256
950
195
224
598
175
572
779
248
240
666
378
528
528
204
160
580
282
360
475
168
160
833
266
28
45
476
312
328
540
192
629
182
860
198
450
468
116
644
560
475
126
496
720
494
108
836
476
51
640
600
141
144
416
215
640
245
312
224
495
665
208
328
217
576
259
78
528
264
600
560
174
828
540
125
420
384
49
342
27
855
306
204
369
450
752
111
364
774
192
900
780
504
276
105
936
210
310
480
494
486
264
132
663
280
377
235
720
400
43
224
833
546
280
675
272
260
246
210
240
185
234
264
462
350
585
522
322
455
425
126
186
539
342
108
450
374
255
680
480
846
324
416
516
640
50
351
252
675
350
156
615
434
480
259
243
396
99
51
480
435
874
360
50
546
352
294
456
196
270
646
416
205
270
470
333
468
344
297
600
156
551
874
420
572
42
558
960
570
432
484
306
816
200
540
188
396
375
43
448
686
234
336
45
140
728
246
180
48
370
182
660
495
200
360
580
460
648
400
252
310
833
342
513
225
476
204
492
180
799
288
26
473
448
900
195
56
828
70
884
252
31
768
629
27
880
561
867
240
174
94
684
125
516
192
196
38
532
405
170
364
492
270
768
703
78
301
66
300
624
551
230
665
475
42
186
539
114
27
44
204
306
640
600
846
180
312
645
608
931
663
476
360
385
1040
369
217
288
518
54
352
198
300
400
58
828
36
375
672
64
49
304
448
810
136
816
164
360
94
481
468
473
165
500
507
28
782
595
936
798
372
912
228
54
792
374
204
480
87
282
180
425
602
416
98
39
532
855
680
780
410
570
432
148
104
660
132
600
760
58
368
455
250
714
496
392
608
135
540
680
51
160
150
517
720
494
602
544
450
663
196
414
280
260
779
465
864
518
432
132
363
510
240
551
517
720
500
462
512
147
722
280
675
544
104
82
450
141
740
78
86
264
600
273
232
598
280
300
840
155
192
608
162
308
306
51
440
90
564
396
450
774
448
686
312
112
405
280
936
615
62
624
148
78
484
330
250
160
116
782
612
500
462
620
441
760
108
900
170
663
451
570
517
148
416
301
256
650
507
392
460
630
208
378
248
144
266
405
396
33
51
120
551
846
72
100
172
32
686
304
504
270
204
468
369
240
288
481
312
396
627
550
117
493
920
595
100
798
496
833
418
297
132
510
1020
160
360
470
288
338
817
576
100
273
252
540
700
468
738
620
336
37
270
880
297
102
680
58
920
108
50
42
448
931
418
364
900
612
153
820
540
329
259
182
129
429
800
741
174
598
455
520
42
248
96
570
324
44
374
969
760
551
47
504
225
43
544
196
78
364
675
140
104
779
120
720
740
338
528
