125
126
155
576
456
459
748
680
867
280
600
282
252
25
688
576
196
351
112
225
385
780
41
434
720
74
390
704
660
300
400
261
506
360
400
462
620
735
114
108
360
136
612
574
510
752
259
104
86
160
500
234
364
460
385
1040
588
248
912
333
378
748
330
612
680
203
188
36
475
43
224
588
684
336
765
544
260
533
210
288
592
312
88
198
800
117
580
230
455
250
252
124
49
228
216
792
510
306
680
540
47
576
208
602
448
500
741
448
90
455
1040
451
589
960
37
108
836
429
450
320
232
552
504
125
294
608
539
38
168
135
102
204
697
480
47
74
26
86
594
250
234
140
92
420
416
210
186
96
684
513
352
646
612
520
58
799
684
425
43
320
686
507
84
675
140
52
123
300
768
666
156
396
495
600
760
580
184
140
400
294
589
98
494
378
495
68
663
697
510
799
432
390
602
64
300
585
196
184
490
52
328
372
96
185
270
484
33
663
280
145
705
72
300
210
288
147
532
560
405
374
728
410
390
864
518
338
645
429
450
546
580
184
315
150
714
310
48
38
27
44
136
357
600
270
329
540
442
387
512
196
39
448
360
595
312
287
186
240
407
468
352
264
800
560
174
230
252
200
378
352
98
152
297
405
136
816
656
390
564
555
468
602
448
150
78
56
92
35
624
840
93
192
646
351
264
297
816
800
232
940
252
175
430
544
931
117
280
90
170
676
779
390
384
111
286
528
396
850
78
29
782
560
300
672
341
735
418
108
315
136
867
320
540
235
252
416
86
576
450
351
252
585
630
572
41
124
336
666
81
352
561
612
400
116
828
360
150
840
256
294
494
252
495
510
104
123
480
705
296
208
688
66
150
78
406
552
245
676
84
372
480
722
432
132
204
816
760
240
141
72
450
215
416
294
624
420
495
490
1040
820
600
48
518
26
440
132
850
560
580
598
36
500
504
403
637
152
81
810
204
918
779
150
141
36
416
473
544
700
390
224
552
630
416
42
589
768
407
216
308
429
357
160
261
893
180
425
817
448
931
152
476
585
136
832
451
390
864
518
182
387
363
450
741
377
414
210
150
42
434
931
722
135
484
374
867
320
60
47
252
312
774
64
882
585
336
585
280
468
410
620
192
74
459
748
396
400
400
522
828
288
75
840
192
735
228
420
675
578
357
410
60
752
703
182
215
561
150
702
84
598
560
156
672
465
192
152
27
352
340
102
240
58
752
288
350
129
512
490
429
420
405
136
832
820
90
816
333
442
44
33
100
40
29
138
280
200
84
186
196
342
486
855
34
459
40
90
141
288
494
258
128
600
702
84
874
175
780
656
155
432
370
216
660
462
510
440
377
141
612
250
588
576
931
152
336
810
238
364
533
330
940
555
260
688
66
950
156
290
782
525
100
840
186
960
38
459
352
272
867
200
390
564
504
100
817
512
882
741
364
810
105
260
533
403
672
740
494
176
429
950
760
174
690
540
25
714
434
637
456
405
450
612
714
492
600
705
555
286
860
480
800
546
448
322
595
52
84
465
528
76
378
748
165
357
320
464
376
288
475
344
288
735
380
84
270
476
832
738
510
624
407
390
88
495
400
702
348
414
455
25
504
155
147
570
189
220
102
408
280
30
517
612
390
774
608
300
663
476
45
210
312
779
372
528
592
351
880
231
102
680
493
828
252
400
84
480
980
722
84
900
34
714
205
210
141
444
260
344
330
500
780
87
874
560
520
630
31
864
380
486
572
544
204
160
435
282
360
500
731
352
931
507
224
405
245
728
492
60
960
333
104
616
