425
672
155
384
418
459
308
612
969
440
90
705
432
125
86
320
735
624
28
90
350
884
287
31
720
481
130
660
264
300
480
319
322
648
150
630
310
343
684
216
225
442
306
205
330
94
518
182
430
544
350
585
224
230
280
52
126
279
672
333
378
704
396
51
320
493
94
720
275
430
96
882
418
168
90
238
988
656
120
96
148
26
396
297
350
273
58
552
70
475
756
62
931
722
216
396
68
969
560
30
94
612
416
559
544
500
663
364
540
385
884
410
155
288
444
162
660
495
650
680
348
690
396
300
588
320
490
190
532
270
544
816
451
30
141
740
182
215
396
250
546
420
460
700
468
210
186
288
114
378
572
68
1020
480
174
329
612
100
387
640
882
585
84
450
210
52
328
330
720
592
390
880
264
200
240
261
92
350
475
336
527
637
266
351
225
272
153
656
330
564
252
182
645
224
500
624
420
644
245
104
574
341
864
444
459
220
495
714
480
290
611
720
475
126
384
882
722
448
360
34
416
656
510
528
629
104
387
330
250
741
493
322
490
450
630
434
192
760
27
660
374
51
440
390
141
144
312
516
384
196
78
448
450
700
936
164
558
816
481
520
572
132
150
480
522
782
720
25
126
512
147
646
405
225
646
765
41
90
282
518
442
301
128
600
507
168
414
210
104
546
62
576
114
108
572
660
816
560
580
47
396
225
344
352
245
507
504
225
102
1040
410
450
144
703
26
220
264
300
624
116
92
560
200
210
341
735
456
540
225
136
306
320
60
329
360
442
860
608
100
429
392
405
245
156
615
155
144
74
243
572
231
153
120
493
598
540
25
126
608
882
608
504
315
408
52
451
300
470
444
520
301
132
900
156
232
184
175
624
420
465
48
722
513
704
238
459
160
240
564
36
275
387
32
735
546
252
720
140
936
533
150
912
333
182
616
594
200
280
87
460
396
200
840
310
882
38
405
225
34
765
738
270
564
612
234
473
576
500
78
168
230
210
780
672
403
48
185
108
792
66
714
560
464
235
396
150
645
608
343
380
252
405
408
208
779
60
624
555
416
430
165
150
39
522
322
35
350
294
279
490
266
432
176
34
867
360
180
517
540
312
387
192
392
585
224
495
245
468
779
465
240
370
459
616
561
1000
680
203
276
216
275
336
352
49
228
168
675
510
459
533
570
47
259
208
731
297
800
156
224
736
35
572
714
496
768
418
135
264
204
153
240
58
94
360
25
215
224
441
195
56
315
272
936
656
210
864
370
312
308
396
100
80
145
184
385
350
336
558
343
494
351
630
646
459
280
420
517
612
338
860
320
1000
117
560
874
560
936
451
124
384
370
270
484
363
408
240
580
611
576
400
294
512
539
722
280
225
612
364
123
510
846
629
338
172
429
700
507
232
368
350
150
714
62
960
114
108
484
306
204
520
510
282
360
500
645
480
49
468
252
855
140
156
369
62
672
444
234
704
429
600
160
174
644
576
225
840
31
735
456
216
540
136
357
697
240
423
444
364
258
608
350
312
280
920
385
728
462
124
528
684
135
220
231
102
800
290
752
468
50
473
608
686
570
392
540
476
156
246
270
912
666
182
352
330
450
156
290
598
560
475
546
589
343
646
513
220
408
306
800
120
470
720
208
688
224
550
234
560
90
595
416
123
93
624
629
378
660
297
459
600
493
644
612
375
294
160
49
570
84
810
102
204
533
600
423
333
104
774
165
650
780
464
138
595
780
84
124
528
304
513
792
510
459
40
348
423
108
475
129
608
931
741
280
900
630
572
164
120
768
370
156
572
