150
588
341
624
456
351
396
136
714
440
390
611
504
375
172
352
735
156
84
180
175
104
656
31
192
629
26
484
561
950
280
348
874
504
400
798
186
686
228
324
495
170
612
615
420
141
444
26
344
224
600
780
476
414
630
104
714
434
144
629
378
748
231
51
360
203
423
180
150
817
640
784
684
336
315
170
208
41
90
384
296
494
792
627
350
39
551
46
315
25
84
248
784
532
324
792
340
969
40
120
470
72
286
602
352
50
195
336
675
630
832
82
620
96
740
297
880
66
250
600
580
874
36
225
546
224
637
760
84
900
646
204
697
210
799
518
234
731
594
350
507
140
644
665
728
126
434
336
494
405
704
102
765
600
319
282
720
350
817
320
294
507
560
180
420
468
738
600
720
666
468
132
297
200
200
261
506
210
375
672
62
588
76
486
720
374
561
82
330
658
216
234
430
576
150
702
504
828
455
780
697
589
576
37
108
352
627
204
760
203
799
540
50
630
288
147
380
168
45
136
416
369
600
864
370
182
774
198
900
117
290
46
350
325
252
310
768
684
378
308
408
765
240
210
658
216
416
344
256
98
663
532
45
280
520
451
310
480
481
442
440
264
300
120
58
920
396
250
840
416
882
532
108
720
510
357
82
480
893
37
494
860
96
950
780
476
414
455
780
588
93
720
38
540
836
396
204
120
58
329
432
325
258
352
784
507
140
135
68
1040
82
150
816
37
312
660
627
550
468
29
46
70
225
420
279
147
456
378
585
272
102
480
450
282
576
312
602
160
300
39
168
180
525
572
738
589
288
666
189
836
33
561
280
435
46
144
200
672
416
49
570
168
45
238
260
369
510
940
259
130
344
495
800
468
406
736
560
1040
378
403
624
684
297
308
204
459
160
300
799
360
125
602
576
980
663
504
90
560
780
492
480
480
518
312
748
363
750
720
348
598
360
300
126
589
294
342
135
675
646
408
369
390
846
180
520
774
384
150
507
336
230
210
884
672
217
528
148
81
792
495
816
680
377
376
324
75
387
320
882
608
448
675
340
780
574
210
912
555
78
43
231
150
663
522
690
210
400
672
589
686
76
378
792
578
867
520
450
470
216
26
473
32
539
624
504
450
455
312
205
93
624
259
243
616
363
150
720
377
506
144
300
336
96
245
114
280
135
272
867
205
600
799
592
520
86
594
700
663
392
506
140
468
588
434
96
152
432
44
408
969
320
580
658
540
50
172
352
588
234
168
585
340
156
205
270
624
444
286
220
660
600
640
522
690
245
275
168
403
882
304
135
45
204
306
600
120
141
252
78
731
64
100
195
84
414
700
884
82
62
864
333
405
484
363
612
600
464
376
360
175
210
576
294
304
560
135
238
260
123
540
376
518
338
817
297
1000
663
232
552
665
425
42
527
432
494
540
748
544
357
200
570
705
396
425
387
352
686
195
448
180
245
780
82
155
432
370
338
880
561
450
480
551
828
720
25
840
62
637
494
27
855
340
765
697
210
94
518
130
602
320
650
429
476
828
665
988
756
496
288
342
243
440
429
408
120
145
799
324
125
86
608
294
570
280
855
272
988
82
570
816
111
78
220
165
100
234
87
506
140
125
714
372
147
266
351
748
306
102
440
300
188
468
286
258
256
800
39
28
810
525
832
656
372
144
740
54
88
231
306
240
406
46
576
200
420
480
833
380
224
270
476
765
369
540
470
518
234
344
99
100
273
145
322
280
936
504
279
384
570
378
704
272
102
480
522
517
648
150
129
640
686
351
308
900
700
728
738
150
240
333
182
132
