927
4360
3252
1926
1368
231
11685
1830
2335
2150
331
5508
792
5222
1500
131
3708
3096
5412
6210
3474
2688
3601
805
920
5966
286
1012
9537
5225
1121
2044
6664
570
10134
10773
1220
1010
262
1940
399
1002
1370
7372
6611
5688
154
726
2422
6215
2720
1196
2936
9100
5564
7635
140
1648
1620
1124
5432
20
1950
8490
424
8109
7236
8340
2430
3434
4590
813
4104
6930
2772
1184
1690
53
3255
2256
1900
2958
533
1256
225
325
6252
688
1032
9440
126
1946
8982
5930
5488
4190
1445
379
1470
3465
41
448
1755
2211
231
384
3521
6105
3444
198
10393
6743
9240
25
1744
10060
2388
5895
3519
120
11080
7837
9775
1687
5076
1152
7275
6512
1155
3078
4328
144
1050
3200
243
1290
3468
9469
8036
392
10540
8340
3400
3972
1518
6612
7095
924
3800
675
385
2639
4811
9420
3108
1436
456
6165
5088
2700
936
3740
8512
1888
2563
1130
1491
2210
10152
2948
2550
6562
7740
113
6130
12500
729
452
34
880
3396
1800
5005
5642
1040
795
6240
1235
3512
203
736
2460
5213
2058
2520
5490
3168
511
1584
3045
2412
1736
1122
4890
464
6631
2821
5190
2044
2058
148
8802
6612
6084
3311
1812
415
5960
4277
3156
1440
3806
7488
572
28
3648
3556
7248
370
1600
90
1631
594
3744
1965
8080
1672
810
1440
3140
10566
6250
1260
3376
1144
762
2724
672
6120
4730
1881
1224
2028
978
3059
4060
7164
5540
4536
5096
2295
3315
2005
330
6900
4700
2625
308
418
1150
5840
2252
876
1132
324
3164
1385
5481
852
8177
4077
10320
9299
192
294
9728
102
2580
3080
1106
9540
92
2238
8806
1782
407
1400
1745
7952
4228
3077
10926
1782
1392
1337
3289
2415
4608
323
384
342
1132
7980
4845
12520
4032
1550
490
4632
1768
6288
1230
2992
663
2385
9684
816
3675
3542
540
40
1284
1536
800
471
286
276
1416
255
3450
1330
2500
2550
2198
2850
1710
1525
162
4440
12260
528
106
6864
8060
35
412
3332
4200
94
5380
7030
954
600
10872
232
1730
1896
117
1778
3537
870
2052
1344
2006
10080
12020
3416
1896
272
2646
5364
1162
494
380
2002
7395
1290
2850
1540
138
564
1504
1359
2244
3924
1422
6912
341
6061
1836
3757
3556
4284
345
9396
1300
1440
669
3536
2432
4875
2580
320
672
1548
3976
160
2375
1520
4905
2135
6743
4824
6924
1251
3360
86
6116
5700
5161
180
607
302
2783
3992
350
1620
7260
7224
1254
345
6787
2352
2004
8138
2958
300
8260
1128
7560
831
4728
4570
192
1782
3288
384
3800
370
7380
3675
5022
651
273
124
10132
1710
2779
342
2478
6732
792
2225
3961
1292
795
5460
5760
10716
4048
367
1296
1035
1089
4752
225
3283
484
2825
1208
1872
3983
117
1962
168
372
4378
669
2527
163
645
1410
4704
171
444
6888
253
460
9861
1218
672
1360
7860
1164
8789
174
660
422
3729
3968
5840
4104
3000
6132
327
1085
2709
924
980
1260
2490
4450
1820
1670
546
6903
273
882
902
2249
2200
406
3808
6840
4332
20
387
5916
3800
3535
3247
9144
3321
5317
1872
1072
1044
6672
1557
745
560
2130
812
2519
227
6384
6174
1206
141
3728
6100
4208
2717
830
8721
5968
1698
5180
1413
228
4620
1432
5304
4849
88
1708
1392
990
2844
1780
5400
369
8032
2320
3216
5532
5022
1094
2277
7020
3564
1536
1350
80
1936
4267
60
2380
1870
130
2628
2912
2629
885
4794
1260
3689
5993
6710
315
1089
6132
1540
6075
3108
3808
1311
230
6215
3206
83
1305
1360
1326
7769
6
510
1784
6286
976
442
3828
1425
1368
6061
2926
1000
5694
1534
918
268
270
236
1167
4010
4992
3939
3519
1603
3468
1425
4350
1854
8018
2448
1372
3015
2175
6258
2156
2490
1992
481
5025
542
954
2815
1458
1064
1794
3680
4411
3300
7112
1380
7644
265
2250
4100
1008
215
1221
732
1140
2244
10400
2520
4777
3510
975
558
244
714
3224
55
1398
6644
6942
5265
6669
2330
3668
5190
414
10920
936
876
2490
376
2299
3424
717
168
5600
535
240
1146
4381
390
514
104
3750
1265
1515
952
6838
2370
140
624
3240
3474
2555
3156
4056
28
27
12460
7260
5080
2740
8096
45
768
6305
448
39
1638
3003
688
5688
1764
9129
435
5775
1272
375
6960
394
1139
4194
1090
2628
1443
228
111
7990
442
3115
5904
3570
6094
2975
