1545
7848
542
321
1152
315
6765
2318
3736
2150
662
7803
968
373
1400
1703
4944
5848
6888
828
7334
3648
5263
1127
3220
5338
132
2024
4488
9025
1062
5110
7140
1710
2252
4536
1220
8080
1441
6790
294
501
1918
776
6611
948
154
1694
1384
1695
4420
1380
1468
910
428
1018
385
412
972
2248
6596
14
4290
1132
1696
6678
6030
6116
2430
2828
5130
542
8664
5544
4788
1776
6760
530
2604
2444
6840
3451
205
2198
285
1235
7294
688
645
6136
441
556
4990
10674
5096
1676
5491
4169
980
4389
574
532
2430
2613
429
48
5533
5291
1722
1485
2188
10421
1386
55
1744
2012
6766
1572
1863
15
2770
3688
7475
964
564
1728
485
2849
2541
513
10820
684
1575
3040
1701
1118
7514
2785
7462
196
10540
3892
4080
3972
6072
3132
946
693
1900
1125
5775
3393
566
1256
1036
5385
1824
7809
1590
900
3978
5610
608
3776
1631
1469
9940
3094
9024
4288
6120
6176
2322
678
8582
5000
1620
791
32
2420
2830
450
7315
806
1950
530
3328
1729
3073
203
2208
369
7619
1470
1400
4270
3168
4088
144
9135
2613
744
2057
1956
464
1047
4433
5536
3066
294
1184
2445
8265
3042
7095
2869
4150
1192
2444
1052
2448
1384
1248
11440
10
4256
1270
6795
518
160
63
1398
1386
2080
786
4444
1520
270
1560
7536
8218
10000
4620
844
624
1270
3859
1344
8160
3311
99
153
2366
163
2093
1160
3582
5540
504
5880
2160
3510
1604
132
8280
5640
7500
308
760
3680
1460
2815
2628
849
378
452
554
10353
1988
2886
9060
6192
5470
2304
49
8192
221
1376
1540
1264
5724
184
4849
7252
792
333
1960
2094
4473
604
2715
7284
198
2088
382
3542
805
4608
1292
128
306
2830
9120
2907
12520
2880
1705
1470
3860
832
2751
4182
1056
39
4770
1076
7344
5250
3036
324
260
4815
9216
2000
4239
1287
644
1062
153
6325
2090
250
900
2512
5700
5814
3660
270
8436
6743
2376
954
2860
3100
30
1957
980
3150
94
1345
6660
1590
960
8456
696
6228
5688
585
889
4716
928
1539
1920
1298
1120
7212
1952
2133
2176
945
5811
9877
988
1064
462
1305
688
3420
4180
828
376
940
4077
3876
3270
8532
5184
2728
9367
3672
5202
4064
1785
46
5742
1900
2340
669
3536
2432
3250
2064
96
6048
1290
994
1920
950
5320
3270
3416
3678
536
7501
1668
3192
172
5004
2280
794
36
1214
5738
1265
1996
175
180
12100
8428
7524
1725
11106
196
4008
7512
8381
525
7021
5264
5460
5263
7486
4570
3456
1287
9864
1632
1710
481
7011
3675
4185
3038
546
930
5364
6840
6352
171
1593
8568
1584
4005
3262
380
3445
910
3456
7332
10120
1101
2880
690
1287
1584
125
469
1452
10170
1359
1584
7397
507
109
546
2790
4776
4460
2128
1141
2795
3760
8820
153
1184
492
4048
2990
7785
2958
168
170
7074
3104
517
58
660
5486
5424
2976
5840
4788
5500
3577
5559
434
6020
1848
490
756
3735
8900
1638
2004
637
531
780
630
1353
173
220
928
4760
2280
7220
6
1935
2088
1140
10100
955
5588
3690
4908
234
2546
116
5560
3287
1639
640
639
812
458
3178
5852
2646
6030
517
4427
4880
5260
2717
7055
3591
5968
2264
1813
2826
240
2310
1074
4896
373
64
2440
4176
630
2844
2670
5940
738
2510
870
3819
1383
4464
7658
1518
5850
6534
1280
2250
50
4598
1757
45
1428
7106
1170
2482
224
1912
2301
1974
1134
3472
7376
10980
315
1881
2044
7700
2430
9842
2380
1748
46
2825
7328
747
1450
680
1326
914
7
561
4460
4490
9760
170
2784
1710
648
5510
3080
4250
6570
590
2448
2412
486
1652
389
2807
2496
4545
2484
4351
8092
1350
4785
103
2110
2448
98
1005
7395
8940
3696
2241
2324
1443
5360
7046
1908
2815
324
2660
2070
736
5614
2970
2540
1173
1638
530
1350
3075
756
172
1110
366
665
1496
1560
4320
843
195
1755
93
305
459
2821
45
1398
2416
9612
6885
513
699
9956
6920
874
9828
1404
1168
3735
752
363
3852
478
728
3500
963
672
8022
5055
52
4369
16
9375
1518
5757
280
6838
9006
28
546
3456
6176
7300
526
4992
91
24
8722
5445
7620
5480
7590
285
1728
8730
420
117
1911
1848
430
6636
126
6444
290
2100
1908
350
9860
3546
871
1631
109
876
1776
4560
777
9400
306
3738
5904
4165
7202
3825
