824
3052
1897
428
216
231
10455
732
8406
430
4965
8262
616
1119
300
2358
5562
1032
2460
4554
5790
576
831
2415
8280
4082
242
1012
2805
475
1003
7154
952
3420
9571
6237
1220
7070
655
1940
189
2672
1096
776
9616
3792
210
484
4152
9605
340
736
5138
3185
1712
1527
385
4120
1053
6744
3880
2
6630
3396
2120
3816
6432
2224
810
2626
2970
5420
6384
7854
2016
5032
5408
159
651
3572
2660
9860
246
2041
150
1170
8857
1720
645
472
693
1112
998
4744
3136
1676
4335
4169
7840
1617
123
476
1890
603
297
48
10060
6919
4018
693
4923
3678
462
95
1744
2012
6368
7860
414
240
4986
3688
6325
3615
3384
1824
4365
4884
2310
2394
4328
252
5250
2880
1701
1290
578
11140
2296
392
620
5560
2040
5296
8602
1044
7568
2310
3420
4050
5005
7163
4528
11932
777
7180
5472
8220
1272
1800
3978
2992
2432
7552
4194
1582
5964
6188
8460
268
9180
6562
387
1808
9808
9375
1134
791
18
1980
7358
2700
3850
5642
910
689
5824
1235
1756
2639
2944
2337
4411
5292
840
2440
990
6643
2304
9744
2010
1984
748
3260
1856
349
1209
2076
3577
2646
2812
4401
7163
4394
5676
1208
2490
2980
9776
4997
1728
3460
9984
2860
24
1216
762
4983
222
3200
63
3029
1782
2912
2096
4040
1368
864
2400
3768
1174
3125
2520
6752
2080
4572
2724
1456
510
7095
1386
1836
1352
326
1449
4060
5572
4986
2016
2352
1485
3705
3208
363
3680
7990
1875
44
190
2300
4015
1689
1752
3679
243
1808
554
609
5112
962
2718
4644
9846
1152
735
5120
272
1376
3080
2212
9063
552
373
4144
198
74
1400
3141
994
906
362
9712
1980
696
955
3289
2415
768
5814
1792
270
3962
1710
5168
12520
5184
2325
7350
1544
104
7860
2460
528
234
9540
6994
3264
1050
9108
252
20
1605
8704
8000
7536
286
368
3186
306
6325
760
1375
1350
2512
1710
3762
1830
486
6216
9808
2376
795
4004
8680
100
1339
1372
1400
470
2959
1850
424
240
11476
116
6574
1422
1170
508
393
348
9234
1632
2242
9520
12020
6832
2370
3536
378
3129
6391
3458
836
154
6525
602
2280
3080
690
47
1410
2265
1020
4360
4266
8208
2728
10469
6120
4913
3556
4641
115
7308
1800
2880
669
2210
8512
2925
5160
160
672
4386
1988
2560
6175
1140
4360
2135
5517
4556
1731
5421
1344
516
3892
2850
3573
168
6677
5738
2024
2495
315
1260
12100
4816
1254
1035
1851
980
9018
11894
9367
600
4543
7520
5040
2493
4334
6398
3072
990
4932
960
2850
740
4428
9450
3627
3038
3549
992
10728
2736
5558
361
531
11628
396
4005
3495
456
4770
4095
6144
4512
6578
734
2016
345
1188
7524
475
2345
2904
10735
2869
2448
10242
156
1308
84
3162
3582
1561
665
326
430
1880
6468
18
370
2460
4048
920
2595
1044
504
2040
5895
2910
10340
377
2145
5486
1356
6944
2190
3420
4000
3577
3924
3906
301
528
1330
756
3320
2225
2366
835
1820
5310
702
630
1353
1211
1100
232
6664
1824
7220
17
1935
3480
1900
10100
1910
5588
5166
2863
2106
2412
58
1668
2249
2086
1520
2343
406
2290
681
4788
8820
3216
564
699
3965
9994
1001
6640
1539
7460
2830
1554
5181
72
330
1074
1632
1492
32
610
4176
1710
3476
2848
5400
615
10040
2175
3015
7376
11160
8205
3289
5070
11286
512
7650
60
2420
3765
35
238
3740
65
1460
3584
2629
1062
1410
252
4340
5532
6710
420
1188
9709
5005
7695
7770
8092
5681
161
10170
7786
996
290
765
1014
6398
11
714
5352
3592
3416
272
1044
1615
576
1653
308
3750
2628
1298
918
2948
108
1180
2723
2005
2496
3333
3519
3664
3468
675
435
412
8018
4590
294
1340
8265
894
5852
3735
3154
9620
6030
9214
848
8445
1539
1995
1104
1656
1604
4950
1016
1380
2730
1007
2250
4100
1386
688
666
2745
760
5236
5200
5760
5058
1950
1365
1395
793
510
3627
45
6990
9664
4272
3645
2565
233
7336
2422
414
6552
1404
584
4482
940
1452
1498
478
112
2800
1391
144
573
3370
260
3084
136
5625
2783
5757
224
10520
4740
532
1560
2376
3860
2920
2630
2184
126
36
9345
4719
9144
1918
4048
195
2496
5820
420
156
3003
231
688
4740
1260
5907
2755
3675
2120
425
4060
2758
871
3262
1853
2628
333
4104
444
1880
272
623
1107
8330
4986
2975
