1854
5232
542
1605
216
126
3075
244
4203
4085
662
4590
352
5968
400
2358
618
1032
1476
2898
3474
576
831
2737
2760
2198
330
2024
7293
6650
354
6132
952
570
563
9072
2440
1010
1179
5335
84
1336
2192
4656
2404
3160
42
3388
2768
9040
3400
1656
1101
455
5136
2545
35
3708
810
8992
776
40
7410
2830
1590
2385
8040
6116
1944
3434
1890
1084
912
7392
252
2072
2028
371
217
2444
2280
493
287
2826
105
845
9378
5504
516
5664
1071
2780
9980
2372
1568
1257
3757
6443
3430
1155
656
560
2295
1206
33
288
3018
6105
6314
1188
3282
4291
7392
35
654
9054
4776
4716
3726
135
1108
6915
10925
4097
9024
96
4850
7326
3696
2736
9738
252
6825
160
4860
344
9248
5570
10906
476
8680
3336
2720
3641
7590
5916
1419
2541
760
2925
6160
377
4245
5024
1295
5744
9120
8220
3180
4275
2106
374
11552
3304
699
904
3479
2652
6204
2680
6630
1544
7353
452
613
3750
567
2147
10
2640
11320
1125
3850
2821
390
954
2496
2964
3512
3248
184
2337
3208
4410
3080
6710
2970
1022
2160
1218
2211
868
3553
4564
3712
3141
4030
5882
10220
735
148
2934
1653
1352
1892
604
2905
3278
8554
2104
288
3460
1872
5148
20
3040
1778
3624
555
640
153
466
495
2912
2227
5656
2280
1080
1320
3768
11153
12500
3360
7596
624
3048
1362
1904
9180
1892
1782
3060
5070
1304
483
4060
5970
3047
5040
392
405
2145
8020
165
8280
4230
750
132
228
1150
3285
2252
1314
566
540
3390
3878
12180
3692
9139
3624
1548
6017
3264
686
8192
68
3440
1320
1422
8586
552
373
2590
297
666
5040
4188
9940
5134
543
1214
1485
464
3438
506
2415
768
646
1664
54
10188
6840
323
9390
2016
1860
5390
2702
1456
7860
4920
1056
117
7155
3228
816
6300
8602
504
180
642
7168
3600
7536
715
920
5310
51
1725
2470
2125
2700
942
3990
5130
4270
486
1332
9195
4488
318
8008
8680
75
309
1176
4550
893
5111
1110
848
1080
7248
116
5190
4266
1872
1524
4323
522
5643
1536
2242
2800
9616
1464
711
1360
1323
2235
8134
2964
76
3080
435
774
2565
2640
1173
940
1880
6795
3672
1962
9006
7776
2046
3857
10404
289
5080
5712
253
9918
2000
900
1784
5746
10336
2925
4644
112
5040
3612
1988
1280
2375
2660
2725
8540
12260
5360
5193
2919
840
774
4448
2565
1985
72
2428
3926
506
9980
140
90
11495
7826
5016
1955
5553
3528
7515
12520
7888
525
8260
6392
2100
4155
3152
9140
2688
1089
2740
1728
380
74
4059
7350
3348
434
1911
992
5960
2052
3970
209
1416
9180
4356
7565
4660
76
5035
3185
5376
3384
3542
734
2448
138
792
6732
150
7973
3872
11300
2718
1008
6828
780
109
840
3162
1990
1338
532
2119
3225
1175
10584
9
1110
1476
4048
4140
3633
2436
504
1530
7074
3880
1551
319
1320
5486
2034
5456
365
3078
8000
2555
3924
1302
903
396
840
4536
7885
445
3458
501
728
4248
273
630
8118
2595
3960
522
476
2280
2888
19
3483
5220
3040
3030
2292
2540
6642
7362
1989
670
522
8896
1557
596
1360
2769
4060
2290
2497
3192
6174
402
47
2330
4575
8942
2431
4980
6156
746
5660
2072
6594
96
3300
6802
7752
4849
144
1952
5568
1530
6004
1424
10260
410
502
2610
3819
3688
9486
9846
1012
7020
7128
256
1350
20
3388
502
100
476
7480
1105
1898
2688
1434
3186
5358
1008
3038
1383
4880
1890
1188
6132
4235
4860
4144
3332
2185
345
3390
1374
498
1885
425
624
6398
5
714
4460
8531
4392
238
4176
1805
288
1102
1232
3000
4380
944
2754
804
648
1888
389
6817
4368
3939
1449
2519
4624
825
8265
1545
2954
2754
1078
4355
5655
6705
4620
4731
2822
5291
4020
4336
106
5067
567
665
2760
1104
6817
990
4064
69
3276
901
450
1230
1512
688
444
2928
1235
6732
6760
2520
3934
3510
1950
465
854
816
1612
10
7922
12080
8010
4860
10260
3029
5240
4844
690
2730
1326
292
498
705
2299
4280
4063
1120
5950
1391
528
8022
4718
130
2056
88
11250
3542
4242
168
5786
4740
252
858
1080
7720
1095
6838
3432
105
18
11837
1452
1016
4658
10120
90
1344
6790
112
351
3822
1155
1376
6636
1134
6981
1885
6300
636
450
2320
7880
201
2097
1308
146
1221
456
2220
6110
578
1246
4797
6545
2770
3400
