618
4796
5149
642
648
42
11685
122
4203
1290
3641
7344
1232
3357
200
917
2163
4816
4428
1242
1930
3456
5540
1127
1840
1884
396
506
5610
3325
944
8687
476
2660
10134
5103
3172
4545
524
9700
399
3340
4384
388
8414
1264
280
3630
3460
8475
6800
1656
2202
5915
5564
4581
525
3502
729
6182
4656
38
3120
10754
212
7155
3216
6116
1782
3030
2160
813
5472
8778
3528
2960
6422
848
1085
1128
1520
6409
287
2041
15
845
1563
3096
1806
2832
567
2502
5988
7116
4704
5447
2023
6822
5880
3696
697
364
1080
3618
528
48
2515
814
9184
297
6017
10421
3234
75
1526
3018
4776
6681
207
150
6648
2305
5750
723
9588
576
485
5698
2541
684
4869
216
7350
2080
1215
602
5202
6684
10906
364
9920
7228
6120
2979
4554
6264
9460
2541
1900
900
4620
7540
3113
2512
3626
7180
8664
6165
5406
2025
2808
2244
11552
3304
1165
1017
2982
4862
1128
2948
7650
7334
3483
791
5517
4375
891
226
6
2860
7924
1575
1925
8060
130
795
1248
1729
3073
1015
2208
1968
6817
1470
560
11590
1386
5110
2736
609
603
1612
2057
326
1856
349
403
4152
6643
2352
1924
1467
11020
1690
7095
2114
4980
4172
3666
3682
2736
6920
2496
9152
24
3648
4572
9060
259
640
72
2097
495
3952
917
5252
152
270
1800
8164
9979
11875
3780
6330
1872
4064
1362
336
4590
7095
693
918
676
2934
2093
6960
1194
3047
2016
7448
2160
3315
6416
132
6440
5640
2250
352
456
3450
5840
10697
6132
3962
324
3390
4432
8526
1704
3848
8607
9804
8752
576
931
9216
340
1032
3740
1264
954
736
1119
6734
1980
148
1960
1396
9940
3322
1810
10319
1089
1740
3629
4807
1449
3584
4199
2176
306
1698
1140
2584
8764
5184
2635
2940
5790
2080
7860
738
2288
234
6201
6456
408
6300
4048
216
320
4815
5632
3600
8478
1001
920
2478
306
1725
1520
1750
2850
628
6270
3078
3660
54
6660
9195
2112
689
2860
9300
70
1751
2940
5250
517
2152
5550
424
1440
5436
638
2076
5214
702
1016
1572
638
8721
288
236
6720
4207
2928
711
3536
378
6258
8134
4199
1216
770
870
860
4275
3080
897
564
1222
7701
2040
2834
6636
8640
3751
11020
7956
3179
3810
5355
184
522
1600
180
4014
3978
9728
5525
6192
272
1680
516
3479
1120
3325
1140
8720
2135
4904
4020
10386
6255
2352
129
5004
1710
5558
228
11533
1510
2024
1996
385
1080
1210
4214
6270
460
5553
2156
2004
7512
4437
525
7434
6392
7560
1662
5516
7312
960
1881
8220
768
1520
370
369
9975
3906
868
2457
62
7152
4788
7543
171
1593
3672
6336
445
3961
1368
5300
4095
6144
5640
2530
367
1152
1311
1188
2376
100
8442
6776
4520
1661
2880
2845
351
436
840
2976
5174
2676
931
1956
3440
2115
2352
108
1332
9840
3289
4600
5190
174
2016
2040
3537
3298
517
203
2970
4642
3051
8432
1460
684
4000
1533
5559
1953
4816
132
1120
1008
7470
6675
728
1002
637
8496
429
1764
902
2422
1540
754
2856
4104
361
9
3483
348
1140
7575
955
9652
7380
818
1755
536
174
5004
2076
298
80
1278
4060
4122
1135
1064
5733
6432
188
1398
2440
1052
2288
4150
4617
6714
2830
5180
7065
216
990
2148
5304
3357
40
1220
6264
720
632
1246
7560
205
502
435
2412
5071
4464
3829
4048
6630
11286
1536
2250
10
4840
2259
35
1904
1870
910
146
4480
4063
2478
1410
945
4340
8759
6100
525
198
3066
1540
2835
518
4284
6555
368
1695
458
1660
2320
1190
546
6855
17
255
8028
8531
6344
408
1392
950
72
10469
3080
5000
3504
354
3672
2948
1026
1888
1167
3208
10608
5151
1863
1832
3468
1050
870
412
6752
612
588
5360
1740
8940
4312
1494
2656
3367
5025
6504
742
9571
486
2261
2346
184
7619
990
3556
207
4368
636
8550
205
1638
172
555
732
760
2618
8840
6840
3653
3510
2340
372
1159
918
7254
50
7922
12080
6942
4050
6669
4194
8384
2422
552
8190
78
657
996
893
1452
3852
239
672
1400
1498
288
4584
1685
416
2056
8
1875
4807
1515
672
6312
9480
532
1248
216
6948
6205
1578
4368
63
24
1246
3993
2540
5206
8602
255
1536
4365
84
234
3822
1848
1720
1422
1134
10740
2030
9975
1060
275
11600
1576
134
4194
763
1460
2109
2280
888
2350
34
11214
738
4760
3324
6800
