4340
26990
26170
25995
18900
15500
28710
31365
2370
26710
22170
27930
31195
17260
15895
14635
690
8465
3885
11995
28095
12205
26595
25295
32140
5960
22815
16965
20625
32020
24255
14560
2410
5450
12830
10275
13775
4915
9070
985
13710
15065
23330
9535
6375
7680
16050
17820
19490
3270
30860
14480
31590
27005
12215
3040
11855
10345
1245
10245
14160
13100
6855
31215
27470
7430
12820
3915
20110
210
31785
15800
9815
7965
19755
15405
5145
17345
13105
26165
19255
7540
24030
28415
845
21525
9945
5015
32105
24595
16750
22795
19030
6415
5120
32235
1725
4430
5420
24475
20005
31840
24335
31695
1935
2500
26420
10350
19460
360
12880
27355
26280
10175
13515
7515
26330
28130
1995
29010
22610
32200
22410
29500
17845
11430
30960
15535
31430
1040
29835
24415
15560
23030
12310
18265
29275
4060
31250
13695
29995
13905
7890
25320
27945
13490
19240
5180
2550
22505
4390
22480
1070
25710
29925
7460
4355
13990
2855
25620
20995
30135
8825
31910
8430
16250
23220
5335
26435
8650
16610
15825
29615
13165
13685
8025
15340
13505
24495
25775
28735
18175
6855
9945
27290
8355
7685
10230
28000
16550
11225
27560
27520
6570
20185
13415
25380
29360
6450
3585
27915
