100
84
31
144
266
81
176
272
51
240
30
329
288
125
387
96
294
117
84
450
105
312
205
217
288
185
208
308
132
100
280
290
92
180
150
252
310
49
152
189
270
136
306
205
90
188
296
78
215
224
350
312
196
138
105
364
336
217
96
296
135
352
330
51
200
174
282
108
75
215
96
49
228
280
315
170
156
246
150
480
296
234
44
231
250
156
232
92
350
175
42
124
245
342
270
352
136
102
80
210
47
72
156
301
192
200
390
280
270
105
104
82
186
240
111
135
44
66
300
40
145
184
288
250
42
288
343
342
28
405
306
204
246
270
282
222
234
172
231
250
234
140
414
280
312
420
248
480
380
216
220
102
306
200
87
470
36
125
172
224
441
117
224
270
245
468
205
300
384
333
156
44
264
450
280
232
138
210
100
42
279
98
228
243
45
306
357
328
270
470
180
156
86
64
500
156
84
230
245
416
82
310
480
370
81
352
198
153
160
232
94
36
25
126
320
294
380
196
180
204
104
369
240
288
296
26
258
132
150
39
290
184
245
50
168
31
96
190
135
308
170
102
400
240
141
360
130
86
32
196
273
224
270
315
52
287
310
192
111
234
440
165
50
80
58
368
72
100
42
128
392
38
270
360
68
459
205
210
376
370
26
387
256
400
156
224
184
70
364
420
93
384
228
270
132
264
255
280
29
94
36
25
301
320
392
312
140
45
34
520
328
30
96
333
104
132
198
350
273
58
414
35
175
84
31
441
228
108
360
34
51
320
30
47
72
26
129
96
150
78
84
315
315
208
410
31
288
74
27
88
66
459
80
203
460
144
125
420
64
49
266
224
315
340
468
328
60
47
74
130
430
165
100
78
203
184
105
468
126
93
288
76
270
308
170
153
400
180
423
252
50
301
256
147
78
56
360
35
156
246
150
240
370
182
264
198
50
120
145
138
72
225
126
186
245
342
27
270
272
306
410
180
47
108
130
129
160
150
273
112
184
210
156
168
62
384
222
135
396
264
408
80
116
141
36
75
43
224
98
152
280
135
34
208
82
270
336
296
182
344
165
250
351
87
138
315
200
378
31
392
152
270
44
34
255
400
210
188
36
260
301
224
343
312
196
135
350
364
41
93
480
259
135
440
330
100
40
145
368
72
175
210
320
294
190
168
405
170
255
287
180
376
296
52
172
264
100
234
112
230
105
416
378
310
192
114
243
352
136
153
120
232
329
252
150
215
288
245
117
224
225
340
260
287
150
288
185
26
176
33
50
120
58
230
140
175
294
186
490
190
162
180
306
459
120
120
141
144
130
258
128
200
234
196
322
315
156
123
279
480
259
162
352
198
255
400
87
47
144
250
378
32
98
152
112
360
238
104
410
60
282
296
208
43
66
250
78
58
92
210
225
84
217
144
152
54
264
136
510
200
90
423
72
50
258
288
392
273
168
45
350
104
287
124
480
296
156
44
198
400
400
87
92
216
50
42
310
441
76
27
45
340
255
205
120
47
37
78
344
256
200
117
28
322
210
364
420
155
144
304
189
176
297
51
360
87
329
144
75
301
256
343
152
56
90
170
208
82
30
384
222
104
440
297
400
78
145
92
175
75
294
155
147
380
108
44
238
255
280
60
235
144
234
172
288
100
273
224
225
105
468
410
186
240
37
162
396
165
408
200
116
414
360
125
336
192
147
342
280
360
102
255
246
300
376
370
234
430
297
150
117
145
276
210
260
42
155
144
76
27
44
68
255
400
290
329
72
50
344
256
441
234
140
270
140
520
41
180
384
370
234
308
