125
210
217
480
304
27
352
68
102
400
270
470
216
50
86
64
294
312
252
360
105
208
410
31
192
296
52
264
198
450
280
29
138
252
125
126
124
343
114
135
270
306
459
205
210
470
148
208
86
160
400
351
224
276
35
468
42
186
384
74
54
352
297
255
200
145
47
36
75
344
160
441
380
140
135
170
260
164
240
480
148
182
308
231
50
195
145
414
245
200
84
62
441
342
54
308
68
459
120
240
376
144
130
344
256
250
390
196
360
315
260
246
93
384
148
108
88
297
450
80
174
322
288
150
210
64
196
228
140
270
204
408
410
240
47
296
260
43
264
400
39
140
276
210
208
42
31
96
304
108
88
170
102
120
232
141
216
250
129
64
147
390
252
270
245
416
123
150
48
222
156
264
99
300
80
232
368
175
225
252
217
294
114
189
225
102
255
164
240
235
108
234
129
96
50
117
84
46
175
104
41
217
240
370
189
44
264
153
280
174
141
36
50
210
288
392
266
28
450
238
416
164
240
144
222
26
43
330
200
117
58
460
210
175
420
124
144
38
162
44
238
306
40
210
470
252
52
258
288
441
195
140
270
105
208
287
155
480
185
52
88
33
50
120
29
414
360
175
336
224
49
190
27
315
102
204
123
60
282
74
208
258
64
500
273
224
460
105
520
294
31
288
342
189
264
132
102
200
116
235
108
75
43
256
49
195
112
90
34
416
328
90
144
111
234
352
165
500
390
174
414
350
100
294
248
245
114
243
315
34
102
320
210
376
324
208
172
288
450
39
56
90
70
208
41
186
144
370
81
176
297
204
240
87
138
144
200
336
192
49
190
140
405
34
364
164
90
235
185
234
430
231
450
195
203
46
175
104
126
217
96
266
162
264
170
153
320
300
188
144
250
430
256
49
117
56
225
245
104
287
300
48
185
208
308
66
50
120
290
322
216
125
210
62
490
38
135
180
272
408
41
90
470
252
208
43
192
50
156
168
322
105
208
336
93
240
259
135
264
231
51
200
261
282
72
50
430
320
49
266
168
315
136
156
123
210
384
370
52
86
66
400
351
174
92
105
150
420
93
392
114
270
88
238
510
200
90
141
108
260
129
192
196
351
140
90
315
416
246
248
336
74
216
308
198
400
120
87
230
216
225
378
128
343
266
28
360
340
459
164
120
235
37
234
172
132
400
351
112
322
70
312
420
93
336
266
243
308
238
459
40
261
47
288
250
258
224
294
156
28
45
34
156
123
240
288
37
260
176
231
50
200
232
46
350
75
378
31
196
152
216
90
170
153
80
120
376
180
208
129
256
500
156
280
138
105
364
369
310
240
370
162
220
99
408
280
87
470
144
100
294
320
441
152
84
225
34
416
123
270
94
370
156
430
297
100
273
58
414
35
250
378
31
480
342
243
44
170
51
400
120
188
252
75
344
96
245
195
168
135
105
416
246
310
240
111
182
352
132
150
320
87
138
108
50
252
186
196
114
162
45
68
357
410
300
188
111
260
344
160
300
78
56
322
210
104
294
31
432
266
81
220
330
306
80
116
188
360
175
301
32
294
304
168
135
340
364
287
150
384
74
52
396
66
200
117
29
368
105
100
420
62
490
76
243
220
238
306
240
30
329
144
182
430
288
300
78
196
360
245
312
246
310
480
370
54
440
231
357
400
232
322
36
75
126
128
343
190
140
450
340
306
82
150
188
296
26
215
132
250
117
145
460
70
364
126
217
192
76
216
352
272
255
200
87
141
108
50
129
160
147
78
280
360
140
468
82
300
48
148
130
352
