200
126
186
480
266
54
88
204
510
240
120
188
324
125
86
224
147
390
28
315
105
468
369
62
288
259
182
44
132
50
400
261
46
216
50
378
124
245
152
135
450
136
357
164
180
329
333
26
387
256
400
390
112
230
280
156
210
155
96
259
216
308
99
102
360
232
235
144
25
430
224
245
304
140
135
340
208
123
210
432
148
130
396
264
50
390
87
460
210
50
294
93
441
380
27
396
170
306
200
270
141
252
78
344
256
200
156
56
135
210
468
82
93
432
296
189
308
132
250
40
145
92
360
200
210
160
392
266
168
135
102
255
287
300
329
333
156
86
231
500
117
56
368
210
104
336
62
192
228
81
396
170
306
200
232
47
216
25
43
192
392
195
168
405
35
416
287
210
240
333
208
396
165
100
160
261
184
70
75
336
217
49
304
243
180
136
306
410
150
423
108
78
215
192
150
195
252
414
70
364
41
124
288
148
135
88
264
357
240
145
329
72
125
84
64
490
76
28
90
170
416
164
300
96
111
260
387
132
300
351
145
230
315
25
84
93
384
304
54
132
272
408
80
180
329
324
156
172
320
49
390
56
360
175
260
328
310
240
37
234
44
132
50
360
290
138
108
250
42
224
245
76
270
450
238
306
369
150
47
111
260
172
256
350
195
168
138
245
312
378
248
144
342
27
132
132
459
280
174
329
108
175
43
32
441
39
168
450
306
52
82
270
432
333
26
44
132
50
39
174
184
280
225
126
279
343
342
216
135
102
51
160
30
376
72
26
387
64
350
390
84
135
140
520
328
217
336
111
54
264
165
102
240
58
460
324
25
336
32
147
304
84
450
102
520
205
90
423
259
104
258
297
200
195
290
138
245
208
378
310
432
304
135
440
204
306
400
60
47
360
75
172
128
294
234
252
405
210
416
123
270
192
185
182
176
297
500
80
203
92
360
25
252
186
441
304
162
180
34
153
410
210
94
180
260
430
32
500
195
56
322
280
520
252
93
48
111
216
440
297
510
80
145
282
180
225
86
64
441
380
56
360
102
468
205
180
432
185
234
344
165
500
195
29
46
350
75
294
93
441
342
189
264
306
51
320
90
47
36
234
43
192
392
39
56
450
280
260
164
186
384
222
81
440
99
300
240
174
322
324
25
378
160
343
380
28
45
68
306
369
60
141
148
182
129
165
150
195
280
230
280
52
42
93
288
76
270
44
238
408
120
145
235
252
25
430
192
392
312
84
225
306
416
328
150
384
259
104
44
297
200
240
232
138
315
250
42
310
98
38
27
315
136
255
320
150
94
324
26
215
96
50
117
84
184
35
312
410
248
288
296
108
176
231
459
120
261
376
252
150
336
192
294
228
84
270
306
364
369
180
329
333
156
43
231
350
195
261
368
315
75
294
155
432
304
54
176
34
51
40
90
282
216
125
301
160
294
156
112
225
280
520
369
186
144
370
130
396
165
250
320
29
230
72
125
252
31
294
266
108
180
272
51
287
300
282
74
52
387
64
500
273
56
184
315
416
252
310
288
228
270
220
99
153
400
261
94
144
100
129
160
98
380
280
360
272
104
82
270
48
74
182
352
264
250
156
203
46
175
225
420
31
490
342
162
440
102
408
80
150
188
252
260
215
256
250
390
112
225
280
364
369
279
480
148
243
308
66
357
80
261
368
288
175
210
192
441
38
252
225
136
102
410
210
282
111
52
344
330
50
39
174
184
70
156
294
31
288
228
216
220
34
153
360
145
282
360
150
387
256
343
390
168
270
350
104
123
210
432
74
104
44
