100
84
248
288
76
27
132
340
306
360
120
423
216
25
387
128
196
117
224
90
35
260
246
124
288
74
104
264
231
200
200
116
92
288
50
420
62
343
152
108
270
170
408
82
180
235
148
104
387
96
300
195
56
368
245
468
420
93
144
37
189
396
99
510
400
145
282
324
25
129
288
245
228
224
90
306
364
410
60
480
333
52
308
99
300
195
290
460
140
50
210
186
196
266
162
88
136
204
360
210
94
144
182
344
160
350
78
196
90
245
52
246
155
192
148
216
44
264
200
280
232
92
108
200
210
256
49
266
280
270
136
102
123
60
376
333
260
215
33
350
390
224
138
350
364
336
93
48
190
54
396
238
153
400
116
94
360
50
301
256
441
312
168
405
245
260
328
150
48
74
260
132
198
300
160
58
368
210
150
42
155
343
76
189
90
170
204
369
150
47
144
260
344
96
350
312
168
230
210
416
287
310
48
370
135
88
165
153
240
29
470
216
175
168
224
49
152
252
270
204
156
369
270
144
148
52
172
99
500
390
203
368
315
100
210
124
288
342
162
440
340
102
400
240
376
252
104
387
192
441
273
280
135
105
312
205
124
384
259
104
308
231
150
360
232
92
72
200
84
224
294
152
162
450
204
306
164
300
235
222
26
301
320
450
390
168
414
105
520
210
279
336
152
27
440
330
408
120
261
282
216
125
86
256
490
156
280
225
136
104
205
300
96
185
78
88
198
250
195
29
460
245
200
294
93
245
114
243
270
272
255
40
150
47
216
78
344
256
50
156
168
225
280
364
287
124
48
296
216
440
330
408
240
58
46
360
25
294
192
98
380
140
45
272
156
164
150
329
74
156
43
165
100
78
232
46
315
156
420
93
144
38
270
132
204
102
160
300
47
36
75
430
192
49
78
56
225
280
260
328
90
480
370
26
264
198
300
120
116
368
324
100
420
31
245
380
216
270
272
255
246
210
423
180
130
129
224
200
156
112
184
315
468
210
217
288
74
270
44
132
255
360
116
47
324
75
215
64
196
38
56
315
34
364
205
150
480
37
104
258
330
200
195
58
368
280
100
168
155
196
38
216
88
306
153
80
270
141
72
182
43
224
196
390
84
180
70
468
287
248
432
74
54
44
297
50
120
116
414
324
100
294
320
392
38
84
270
272
510
246
120
282
259
130
215
66
100
390
112
276
175
416
126
279
336
152
270
440
238
153
200
29
141
144
225
215
320
147
39
112
90
272
312
410
60
240
222
26
440
33
500
40
116
460
210
200
126
279
343
380
108
450
204
204
400
60
47
252
208
172
128
200
351
84
368
245
312
164
155
432
37
81
220
330
357
280
261
470
360
75
168
288
294
342
168
270
102
52
82
30
94
222
130
215
165
450
195
232
460
105
25
336
155
48
228
54
396
272
51
160
90
141
72
200
344
192
490
390
28
135
210
260
410
279
192
370
52
44
132
150
40
145
92
36
100
336
93
441
76
27
135
340
408
123
300
282
296
156
258
64
150
273
112
368
35
52
336
310
336
152
108
44
99
153
240
58
376
252
175
301
288
490
380
84
90
102
416
205
210
144
74
104
176
165
300
390
174
414
105
250
252
217
294
266
81
88
340
153
400
180
470
36
260
430
160
250
78
140
360
210
208
328
217
192
296
243
132
198
357
200
261
276
324
175
210
256
343
266
280
270
204
408
328
30
282
74
234
301
198
50
273
232
460
350
364
210
186
96
76
162
440
34
306
400
87
282
252
225
344
32
245
117
196
225
245
520
328
300
288
37
234
44
