150
420
155
480
114
162
220
136
255
240
30
141
252
175
215
96
392
156
252
315
350
364
287
155
432
74
52
44
198
100
120
290
138
288
75
210
124
49
266
216
360
272
510
369
120
329
296
208
387
64
50
312
28
414
105
260
42
279
480
148
162
88
132
204
80
174
376
360
75
43
288
147
152
196
315
68
364
123
30
96
296
78
440
198
100
117
203
322
35
225
294
310
343
76
54
44
306
255
40
120
470
36
260
129
256
350
312
112
315
35
468
287
124
192
148
270
440
198
50
280
203
322
288
175
42
192
294
38
252
45
34
306
41
300
47
333
104
43
231
500
117
168
46
350
468
42
186
288
266
135
220
68
510
400
145
94
108
125
172
224
98
273
28
270
35
156
410
300
480
37
208
308
66
500
80
261
92
175
250
378
124
343
304
243
225
340
51
164
90
94
288
208
215
320
100
78
224
322
280
312
246
31
48
185
108
352
198
204
80
174
376
216
75
126
320
294
38
252
180
306
364
41
120
480
37
104
301
264
250
351
203
368
210
175
336
186
192
228
54
264
136
255
320
150
188
360
78
344
32
441
78
84
45
280
468
41
31
192
296
234
88
33
100
40
116
138
36
225
126
128
245
76
189
45
340
510
41
300
376
222
208
387
288
300
78
196
322
70
520
42
248
336
190
135
220
330
51
200
116
470
180
175
86
224
147
117
84
360
272
156
287
60
48
222
130
44
99
350
39
87
414
175
175
252
186
490
114
54
405
340
306
280
270
423
252
130
430
320
200
156
280
360
175
312
164
310
96
333
27
132
132
459
200
261
368
252
50
210
160
245
152
112
360
136
364
41
300
47
333
156
344
198
200
312
290
230
280
364
168
62
432
152
135
132
340
51
40
90
235
360
75
344
288
294
117
112
225
245
104
246
60
144
74
182
352
231
50
360
290
322
36
50
42
217
343
228
243
450
272
459
123
150
141
216
182
258
288
150
390
112
414
210
260
42
155
240
222
27
176
330
459
280
116
423
144
125
301
224
490
38
252
90
170
260
410
270
336
37
78
430
231
300
156
87
414
140
50
252
124
49
304
27
352
340
102
400
30
235
324
208
387
224
49
78
168
45
315
208
164
155
288
74
81
440
297
150
400
145
276
180
50
378
128
196
304
252
405
68
255
328
150
141
222
26
344
165
200
351
84
46
140
520
252
31
48
304
243
308
272
408
240
174
47
36
150
172
192
392
273
28
180
238
416
164
120
336
74
130
132
165
400
200
58
276
70
175
168
93
490
228
189
315
68
255
360
90
235
144
182
215
288
300
78
224
414
105
416
246
248
384
148
27
308
66
255
280
29
94
288
125
84
320
343
190
28
45
34
520
123
180
329
333
104
258
330
350
117
232
414
140
225
336
248
384
266
162
220
34
153
160
150
376
72
125
258
64
196
312
140
45
105
468
123
217
288
259
156
132
330
200
280
232
276
252
75
336
186
245
228
135
45
136
255
410
270
470
148
260
344
192
500
234
168
184
245
260
126
93
48
380
135
352
33
306
200
145
376
252
150
387
128
490
38
56
405
272
364
410
90
384
37
130
176
297
450
234
87
414
280
50
252
279
196
190
135
176
34
153
400
300
376
144
234
258
160
250
117
140
45
105
520
205
279
48
185
189
396
297
357
400
261
460
36
225
336
224
196
190
84
360
102
255
328
240
94
74
156
344
297
400
156
232
414
70
312
294
62
336
114
54
352
136
357
320
58
188
324
200
172
64
245
39
112
90
350
104
287
210
336
74
182
132
