125
294
217
48
266
108
396
102
459
240
30
235
72
175
129
256
294
39
84
45
350
156
123
186
144
74
78
176
297
50
120
290
230
180
175
126
248
343
152
162
90
170
459
328
150
470
296
52
258
64
150
390
168
230
210
468
420
124
432
222
108
176
198
459
200
290
470
360
250
86
224
490
228
112
270
340
312
123
90
432
296
156
88
99
50
390
29
92
315
50
336
155
490
304
108
88
68
102
200
300
329
144
104
301
32
500
351
280
90
35
312
41
155
288
370
189
88
330
400
200
29
46
216
250
336
192
441
152
140
225
204
510
205
90
94
37
130
129
33
450
195
56
414
105
468
294
186
240
380
27
352
306
408
120
174
282
36
150
215
64
294
78
280
45
350
208
328
180
384
296
26
352
330
350
40
203
92
245
250
210
62
196
228
54
135
306
255
369
120
329
360
156
258
320
300
351
84
368
280
52
287
310
480
111
81
308
330
102
240
203
470
180
250
42
224
49
342
84
360
238
104
41
30
144
148
156
86
99
50
390
145
276
350
175
420
62
288
304
108
220
340
255
160
270
282
252
104
172
256
294
390
252
225
350
104
164
279
384
333
208
44
66
450
360
58
92
72
100
168
256
490
228
81
180
136
102
205
120
141
185
52
344
32
400
78
84
368
315
416
420
217
192
152
243
352
330
51
360
58
188
108
75
43
288
147
117
28
225
170
468
205
120
288
74
260
352
297
450
78
203
230
350
150
336
62
49
190
81
270
340
510
40
30
141
324
130
129
96
250
78
224
45
70
468
164
62
192
296
216
220
132
255
40
116
46
216
200
420
96
294
76
224
180
136
208
246
270
94
148
182
387
99
150
39
58
276
105
520
336
310
336
342
162
220
238
153
80
60
329
288
25
43
224
147
39
252
135
70
156
205
30
384
259
182
220
198
200
280
87
460
108
50
168
186
49
76
54
180
170
255
410
210
423
360
156
43
320
150
390
56
414
175
468
420
310
240
222
135
440
165
510
320
87
282
180
200
129
32
245
304
140
225
102
104
328
180
336
148
260
215
330
50
195
203
276
70
125
210
155
245
266
162
352
170
459
80
150
282
108
156
129
288
441
351
196
225
245
312
41
279
480
148
27
220
132
100
320
261
230
108
50
168
320
98
152
196
450
340
408
246
150
423
148
260
172
264
400
312
84
368
70
312
210
93
144
190
54
132
204
51
160
261
188
180
50
129
160
392
117
84
180
272
156
41
240
240
74
260
352
198
200
320
29
46
245
100
126
124
490
380
243
405
272
408
160
120
282
108
52
43
288
300
351
112
368
210
312
369
93
336
148
81
88
297
510
200
174
94
36
225
378
192
441
380
280
405
68
468
82
60
470
370
130
129
297
100
312
261
184
175
75
42
217
240
152
108
440
204
306
160
150
188
144
125
430
256
98
390
224
135
35
260
41
310
192
111
130
132
165
200
40
29
460
72
200
168
62
343
152
108
135
170
204
41
270
376
111
130
215
256
450
156
280
46
280
104
126
62
144
228
216
440
297
510
280
290
94
36
75
215
64
490
342
84
360
102
260
205
300
288
111
26
352
231
500
390
58
276
105
225
168
62
98
380
216
352
306
510
240
60
329
252
156
43
64
450
39
28
270
175
260
41
93
384
296
189
44
66
153
160
58
322
108
150
336
192
98
38
28
45
136
357
287
270
282
296
130
172
330
400
156
261
230
280
104
378
155
288
342
54
308
136
51
120
58
141
360
50
387
96
196
273
112
360
105
312
82
60
144
370
234
44
