200
378
124
384
152
54
396
136
306
400
150
94
108
100
215
192
490
117
112
135
210
468
41
93
240
222
156
352
66
100
280
87
368
180
100
252
62
245
380
81
405
238
204
123
240
47
111
104
86
256
250
39
84
414
70
52
294
31
384
259
108
220
165
204
160
145
329
36
75
301
128
196
228
196
225
68
364
123
300
432
296
26
132
198
150
78
174
92
175
100
252
62
392
114
108
308
306
306
40
150
235
324
156
129
224
50
117
112
270
175
416
123
93
240
37
162
264
132
50
280
58
92
144
250
42
32
245
228
252
450
102
408
246
90
188
185
26
387
264
50
234
196
414
140
208
252
186
288
266
108
396
204
510
360
58
423
108
225
215
128
490
390
224
225
315
364
410
270
48
37
156
264
264
200
160
261
46
280
250
126
217
343
38
270
225
34
255
205
240
282
36
52
344
192
50
234
196
322
210
312
369
310
480
37
189
264
297
357
400
232
141
108
100
126
160
147
38
140
180
34
52
287
120
96
370
52
43
231
500
312
58
184
245
100
252
310
96
76
135
132
34
153
360
210
94
108
78
172
96
441
273
56
225
35
156
205
186
240
111
78
220
330
150
120
145
184
36
75
168
96
49
38
27
90
136
153
328
270
470
111
234
129
160
200
234
28
460
280
520
84
124
288
152
81
440
198
357
80
232
329
108
250
215
288
245
273
224
315
170
52
369
300
384
296
260
264
132
350
78
145
46
315
100
42
248
49
380
27
315
136
204
280
30
141
288
104
86
192
350
312
84
315
70
416
164
217
144
370
81
220
198
510
360
290
368
288
200
168
288
147
190
112
405
102
104
205
210
141
370
78
129
99
150
351
116
184
315
104
168
279
288
114
81
176
204
510
40
210
141
288
25
430
160
49
78
140
225
70
156
205
180
144
111
260
132
165
300
280
232
46
324
250
168
310
196
228
27
225
238
153
410
120
188
288
130
86
192
200
234
252
184
140
468
336
279
480
222
270
88
330
51
240
116
47
360
125
258
288
392
228
280
270
34
468
123
180
384
111
104
129
132
50
39
232
46
315
175
84
279
343
380
135
396
170
357
320
150
376
216
78
430
64
245
351
112
270
245
312
41
279
336
370
81
132
264
50
120
174
138
216
125
84
64
49
228
168
315
102
255
82
90
329
259
208
301
297
50
390
140
46
210
520
294
155
384
38
108
176
238
255
120
145
282
144
75
43
224
294
195
112
135
238
104
205
120
240
37
104
352
66
300
120
145
184
70
25
420
62
294
266
243
180
34
510
240
120
94
108
78
258
96
350
195
280
368
175
416
369
248
48
259
216
308
165
255
120
261
329
144
25
336
32
392
342
56
45
68
52
82
90
235
185
234
43
198
350
390
145
138
70
50
378
248
240
380
27
44
170
255
400
60
47
36
200
129
128
98
195
280
135
35
260
410
310
192
37
182
220
33
250
80
87
92
36
200
42
155
196
76
27
270
204
51
164
60
282
333
234
344
288
300
39
196
322
35
364
336
186
96
190
54
220
297
204
240
58
282
252
25
430
192
98
190
84
360
272
52
123
60
288
148
234
308
66
100
234
58
92
70
175
126
248
98
190
108
264
340
204
200
60
47
252
52
301
192
50
195
224
135
210
312
164
62
48
296
108
352
66
153
120
29
368
108
150
42
288
245
228
84
225
34
459
369
210
47
370
182
430
99
300
156
116
322
35
104
42
310
480
380
108
88
340
102
200
29
47
360
250
387
64
147
390
224
90
350
156
123
270
432
296
130
88
