100
420
62
240
266
27
176
272
459
120
270
47
144
150
301
288
490
390
56
45
315
312
369
248
384
296
26
352
198
50
80
116
460
360
100
420
93
294
266
216
450
272
255
287
120
94
296
208
86
288
350
117
196
322
280
468
294
62
336
148
108
396
231
204
360
58
188
36
100
129
224
147
190
280
405
238
260
41
300
240
259
182
264
165
500
312
232
46
210
100
294
155
245
152
135
440
204
255
80
90
94
288
182
129
32
450
39
56
135
315
520
164
155
432
111
243
44
33
500
120
29
276
144
175
252
32
245
228
196
405
238
510
287
300
47
37
52
430
99
200
156
56
276
105
260
42
155
96
228
216
264
306
255
120
232
329
324
175
86
96
392
312
280
180
140
208
164
180
336
370
130
132
33
100
360
145
230
210
200
294
217
98
266
81
450
204
51
287
150
94
36
104
86
288
250
78
224
184
105
364
246
93
192
185
189
264
198
255
280
58
141
36
100
378
160
343
304
84
315
170
260
41
60
480
333
260
129
297
500
78
145
184
210
100
252
155
144
228
189
132
306
357
40
240
423
72
104
387
160
392
234
56
180
175
52
328
155
480
74
234
264
33
300
360
87
230
36
150
252
160
343
228
54
135
34
357
410
30
329
74
52
430
192
500
312
112
368
105
312
168
31
192
76
162
396
165
357
200
116
470
180
125
129
288
49
234
140
45
34
520
123
120
96
370
156
44
264
450
312
116
46
210
100
420
31
49
152
135
180
102
510
120
210
141
36
156
258
192
300
273
84
405
175
520
328
186
336
222
216
396
132
204
400
116
460
360
125
168
64
49
380
168
90
306
468
369
180
376
333
208
387
99
450
39
290
276
280
156
378
124
480
304
243
176
34
102
360
300
423
252
150
430
288
245
273
28
360
175
312
287
90
288
259
208
44
132
150
320
58
414
324
200
252
279
392
228
27
450
306
51
123
30
376
216
78
43
160
350
390
28
368
175
208
420
31
336
185
243
220
264
408
160
290
141
36
75
215
160
245
38
224
180
68
520
328
60
432
370
26
86
66
150
39
116
322
280
75
420
62
343
380
135
132
238
102
280
210
329
180
208
86
32
392
390
112
270
105
416
246
217
288
111
27
396
132
100
160
29
46
72
175
84
288
196
114
56
270
102
510
41
30
376
185
52
301
231
250
156
28
414
245
52
210
93
432
152
54
308
272
153
160
87
235
252
125
215
256
98
39
196
45
238
52
287
240
192
296
208
396
297
500
120
58
230
70
225
84
31
49
304
81
450
34
459
200
240
470
324
26
86
64
400
39
168
322
175
416
287
186
432
222
216
264
264
510
40
116
188
252
200
252
320
245
304
280
90
34
520
410
300
470
148
208
387
165
450
273
174
138
140
25
378
31
240
228
108
176
170
204
40
150
470
324
75
43
256
49
39
28
135
245
416
246
186
240
296
156
176
330
350
200
58
322
144
225
126
186
98
76
216
135
136
51
164
180
423
111
52
344
96
350
156
112
46
315
52
210
279
48
342
243
308
66
102
120
174
423
36
125
215
128
49
266
168
360
272
156
82
60
144
296
52
308
297
100
39
290
414
70
200
294
217
196
228
81
88
204
153
280
240
188
288
52
86
32
400
39
196
405
245
468
287
155
336
185
54
220
264
204
240
290
230
252
225
420
192
196
304
140
135
204
153
246
240
376
259
234
430
330
400
312
116
460
210
104
294
217
48
152
81
176
272
51
80
145
47
360
150
43
256
98
234
56
450
350
364
164
90
192
37
130
352
