125
294
310
432
342
270
308
272
357
120
60
423
108
75
215
256
490
117
84
225
280
364
369
217
384
37
208
88
231
400
80
145
414
360
150
336
310
147
228
216
405
204
153
164
180
141
370
234
43
32
500
156
140
92
140
416
168
155
288
185
81
220
264
102
80
174
282
324
75
129
64
441
76
280
270
68
416
82
300
48
296
26
308
264
400
273
290
184
70
100
84
217
245
228
108
396
136
204
280
150
141
216
156
43
128
300
156
112
135
70
52
82
93
288
185
189
352
198
500
80
145
460
360
250
252
320
392
304
28
180
68
408
41
180
329
333
78
258
297
200
117
28
92
175
208
252
155
288
266
108
308
272
510
360
261
188
252
225
301
128
343
195
140
225
350
468
82
30
336
148
78
308
264
200
400
87
46
245
25
210
93
490
190
81
450
340
153
82
60
470
108
130
344
160
200
234
28
322
350
416
369
93
48
370
270
176
297
408
120
58
94
108
25
168
288
147
380
280
405
136
520
410
30
96
222
26
258
330
300
195
232
322
70
175
378
31
336
342
27
176
34
255
40
30
282
180
182
387
32
98
156
56
225
140
208
287
31
288
296
130
176
99
100
80
58
276
180
250
252
320
490
114
270
90
272
510
82
300
329
370
26
430
64
200
273
140
92
280
364
252
310
144
38
162
440
165
459
160
203
47
360
25
86
224
441
39
56
90
204
208
287
30
480
259
130
176
330
250
234
116
230
350
200
168
93
49
38
270
315
34
102
240
120
282
144
26
258
128
150
234
196
135
175
468
369
279
432
37
135
440
264
51
200
203
230
324
150
252
192
98
266
280
180
102
260
41
180
376
185
52
86
330
200
234
116
460
70
52
168
279
480
76
189
308
272
408
40
300
282
108
50
387
192
441
273
252
45
175
208
410
150
144
370
26
44
297
450
400
87
276
324
150
336
279
196
380
243
45
136
408
41
120
376
288
104
86
96
50
234
252
414
245
520
210
279
288
148
27
352
165
459
320
261
94
144
125
43
320
294
76
140
45
204
52
82
270
96
148
182
86
264
50
39
29
230
315
150
210
62
147
152
135
396
68
51
400
150
282
108
156
258
128
490
273
84
270
210
364
82
155
240
74
81
440
297
400
40
58
46
360
100
126
64
294
114
280
225
68
408
287
60
94
74
130
387
132
150
195
28
460
245
312
126
217
96
114
54
308
238
510
200
261
94
36
25
86
64
147
156
112
45
68
364
328
300
336
222
156
308
264
200
120
116
414
140
175
378
155
98
190
108
225
170
357
120
90
423
36
208
215
320
50
234
112
414
350
52
246
310
288
37
270
220
99
459
80
203
423
144
175
126
192
392
304
84
90
34
468
328
90
376
185
52
43
198
500
78
174
368
350
225
84
186
288
228
54
396
170
510
240
180
141
360
175
215
128
294
117
84
90
280
208
123
279
240
111
130
396
264
150
400
261
46
108
25
126
310
98
304
81
315
204
102
164
150
141
37
130
258
256
450
78
112
92
175
312
294
93
288
152
27
176
33
153
200
58
188
36
25
86
64
196
76
140
315
170
260
123
60
240
148
208
352
297
50
234
174
460
105
75
336
248
49
114
189
44
170
510
320
210
470
288
260
430
288
400
117
168
315
350
364
205
62
96
148
162
44
264
357
200
290
460
252
200
126
256
343
152
112
450
238
459
41
30
376
74
52
430
165
400
234
29
276
105
156
42
62
96
114
216
44
170
153
120
174
470
144
100
129
128
441
78
140
180
140
104
287
60
336
259
260
352
