175
126
217
480
114
108
176
340
306
160
30
47
108
150
258
128
490
234
84
270
245
208
328
248
192
74
78
264
99
250
240
261
368
36
50
168
62
98
76
216
270
68
408
164
120
282
333
104
301
96
250
390
84
92
210
104
252
217
480
185
135
176
297
408
360
232
94
288
50
172
192
490
152
168
405
340
104
41
180
240
333
78
264
231
150
312
116
460
245
125
168
124
98
266
54
132
34
510
400
90
423
252
234
344
288
250
117
224
360
210
104
246
124
336
296
81
44
330
400
240
29
322
252
250
420
64
147
342
168
315
306
306
410
150
235
74
182
215
330
200
156
56
92
70
312
294
279
288
190
27
132
238
153
80
261
47
252
25
172
224
196
117
112
270
70
468
246
90
144
370
52
308
198
350
80
116
46
280
100
420
279
392
76
135
405
170
306
205
150
188
36
26
344
160
300
312
224
368
175
104
205
217
288
74
243
176
66
357
160
116
141
216
100
168
224
196
38
168
360
204
416
369
210
336
37
208
43
99
300
39
232
322
245
175
42
217
480
228
27
396
204
153
280
60
47
252
234
430
224
294
234
112
135
245
260
328
155
96
185
52
132
165
50
200
116
460
252
225
210
288
196
228
270
315
34
51
41
60
423
111
26
387
256
100
273
112
414
315
104
420
124
480
114
216
88
330
102
360
290
470
144
225
86
320
441
312
280
135
68
364
246
30
96
333
52
352
198
400
273
29
92
315
25
378
217
392
228
81
135
238
153
200
300
94
216
78
387
320
200
117
252
90
245
364
246
62
384
296
108
88
132
102
400
232
230
360
100
84
128
294
114
224
315
102
312
246
300
188
296
182
258
66
100
351
87
276
245
364
252
62
336
152
270
88
272
153
320
60
282
180
225
172
224
147
351
56
180
175
104
164
180
48
148
104
220
231
50
320
145
460
252
225
336
186
392
190
135
315
204
255
205
270
141
72
234
344
128
500
351
84
92
105
312
252
279
432
296
216
220
33
306
40
116
94
216
50
172
160
343
228
28
405
238
312
287
300
480
259
104
387
264
250
195
232
368
70
100
210
62
147
228
108
396
136
255
80
30
329
216
208
129
320
490
312
196
315
210
364
123
31
336
296
27
176
330
200
160
203
368
288
200
210
160
98
38
252
225
136
510
328
60
94
333
78
43
33
200
195
28
460
140
312
378
93
384
76
216
176
102
51
160
58
47
252
175
301
160
343
234
56
405
170
416
369
270
384
370
208
396
297
450
200
174
414
280
250
252
248
490
304
54
90
170
510
80
240
470
180
182
86
320
50
273
280
138
140
520
246
62
48
333
108
132
264
459
280
203
423
252
225
420
320
441
190
84
45
34
208
123
210
282
37
104
43
198
150
195
58
92
175
75
42
248
336
228
54
176
136
306
120
300
235
360
150
344
224
49
156
280
315
70
52
369
155
480
111
260
352
33
250
240
116
414
252
225
336
217
98
114
270
360
238
408
287
90
94
148
156
215
192
350
78
140
184
70
312
168
279
192
190
243
440
330
306
160
58
141
36
25
387
192
490
38
140
45
34
156
205
60
384
37
104
308
165
150
156
232
184
140
50
168
155
147
190
54
220
272
102
360
300
376
252
78
86
256
400
390
140
135
350
156
82
31
96
296
81
352
165
459
120
58
276
72
200
252
32
392
380
196
180
68
204
123
150
47
185
260
301
66
500
273
174
92
350
364
294
93
384
76
135
264
272
51
280
174
423
252
225
301
96
196
312
252
270
280
416
82
240
96
111
52
440
