103
436
542
535
504
126
4305
854
2802
645
2648
2295
352
2611
500
262
1854
3440
492
2898
1544
576
2770
644
1840
1256
66
253
2244
1425
59
2044
476
190
4504
2268
2196
4040
655
2425
21
167
1096
1552
1202
3160
70
1452
2768
565
1360
552
2569
910
2140
2545
175
1236
405
3934
1552
2
2340
5094
424
3339
1206
5004
1458
1212
1350
2168
4104
2310
1260
888
676
477
1736
1880
760
2958
369
628
60
390
2084
2408
1161
3304
63
1251
1497
1186
784
2933
1734
2274
3430
1155
410
140
1350
2010
33
48
4024
814
574
495
2735
1226
2772
35
872
4527
1194
3537
1449
105
554
2305
2875
1928
564
672
2425
1628
231
342
2164
180
5250
1440
1215
516
4046
4456
3444
56
3720
5004
1360
1986
5060
1392
3311
231
190
2025
385
1885
2547
628
2072
2154
2280
2055
3180
1800
1872
374
5472
3776
1631
904
1988
4420
3384
804
1020
1544
3096
452
613
3750
81
904
12
1320
2264
225
770
1612
910
159
4160
247
2195
609
1840
246
1203
588
1960
1830
1188
1022
288
6090
603
868
1683
652
4640
698
3224
3460
4088
1029
888
4890
4959
1690
1892
604
3320
1490
3666
263
1152
2768
5616
4576
2
608
2286
1359
370
1120
90
1398
495
624
524
2424
912
162
720
5024
4109
625
420
3376
936
2032
908
448
5100
1419
693
153
338
1630
322
2320
398
1385
1008
1960
675
1950
2406
297
1380
1410
1125
44
304
1380
2190
5630
2190
2264
243
452
1385
1827
852
2886
453
4128
5470
1152
490
2048
17
344
1760
1422
1908
184
1492
518
297
370
2240
3490
3479
1812
1086
3642
198
812
1528
2530
161
2560
323
512
36
1132
1710
1292
5008
1728
1395
2450
3860
520
1179
492
1408
195
1908
4842
816
3675
3036
144
100
3210
1024
2400
1884
286
368
354
510
3450
1900
750
1350
314
3990
2736
610
270
2220
613
1320
424
5148
2480
40
1030
980
700
235
538
2590
424
1080
2416
580
3460
4266
936
254
1179
522
5130
96
826
4480
5409
1952
948
2448
756
447
581
1729
532
616
3045
344
2565
1320
138
423
658
906
1632
1090
1422
432
341
4959
612
2023
2286
357
69
522
700
360
1561
3094
6080
3250
5160
48
2016
1032
4970
960
950
1900
1635
2989
613
1876
2885
2502
1512
86
556
1140
3970
36
2428
604
253
998
140
900
4840
2408
1672
1035
1234
1568
2004
4382
4437
750
3304
2256
1680
2770
2364
3199
960
495
5480
960
1140
259
2952
3675
279
1085
2457
124
4768
342
2779
133
1239
3060
792
890
1398
380
2650
910
3840
4512
506
3670
576
690
99
1980
225
938
2420
3955
151
1296
569
234
436
294
1860
1194
2007
1064
326
1075
940
4116
90
666
4920
506
2070
3633
348
840
1190
1965
1940
2068
232
1650
2532
1356
4464
3650
3420
2000
3066
1308
1085
602
1056
350
2016
830
890
1456
1503
364
5310
156
1008
4059
519
1760
174
1428
1824
2166
6
1161
2436
1520
2020
955
1016
3321
818
351
1206
522
2224
346
894
480
1704
1218
1603
1362
5320
882
402
188
1631
1525
2630
1287
3735
4617
3730
5094
1813
4710
96
330
2864
2448
1865
56
1098
2088
810
632
1602
2160
41
3012
145
402
2766
3348
4376
1265
1170
2376
1024
1800
80
968
1004
45
595
374
130
730
1792
2390
1770
2256
315
434
2766
3660
840
495
1533
1925
1215
4144
952
1748
184
1695
458
664
870
680
156
914
7
102
1784
1347
976
238
2088
760
576
5510
616
2500
3942
708
2448
268
432
1180
1556
1203
3120
2727
2070
2061
1156
225
3915
1030
4220
306
490
3350
4350
1341
3080
1245
166
2886
2010
3252
848
4504
324
266
1104
736
2807
1980
4064
552
2184
159
2700
410
1008
430
888
1647
760
2618
520
1080
2529
195
1560
651
427
306
3627
10
2796
604
4272
2025
2565
932
1048
3460
92
1092
702
730
996
141
484
428
956
504
1050
642
240
5730
1348
182
1542
64
2500
1771
909
112
3156
2370
28
234
648
386
3650
526
2808
42
15
623
3630
5080
822
506
105
576
4850
280
273
2457
2079
688
2370
630
2148
435
1575
424
125
3480
2758
201
233
109
146
222
1596
666
470
136
1869
2583
3570
3324
2550
