927
2616
1897
535
216
126
3690
244
1401
1075
331
1377
352
2611
200
917
1545
3096
1968
3726
3860
960
1385
966
3680
2826
44
1771
2805
2850
295
4088
1428
760
5630
567
732
505
1310
3880
189
1002
1644
1552
1803
2528
42
968
1038
3390
2720
184
1835
3185
2568
4072
105
1442
162
2248
3492
8
2340
5660
742
4293
3618
5560
1296
202
2700
2710
3192
924
2016
296
1014
159
2170
1880
380
4930
164
471
120
65
4689
1032
258
3304
378
1251
499
2372
1568
2514
289
2653
980
693
410
196
405
201
330
192
1006
3256
2296
198
4376
1226
462
45
218
503
398
1179
414
120
4986
1844
2300
241
564
192
4365
2849
2079
1539
1623
36
1575
640
1215
430
1734
2785
1722
280
4340
4448
340
1655
3036
3132
946
1155
190
225
1155
1131
283
1884
1295
3231
1368
411
636
1800
1170
2618
4864
944
233
339
4970
4420
2256
1072
510
2702
774
452
613
6250
567
113
6
1540
1698
1350
1155
1612
780
530
1248
1976
3073
1218
736
861
3208
1470
2240
6100
396
511
1152
5481
804
496
1870
2934
2320
349
1612
1730
2555
588
1480
2934
551
2704
1892
755
1245
1192
6110
1315
1152
2422
1248
4004
8
3040
508
906
111
800
72
699
297
1664
1310
3232
1216
486
720
3768
1761
2500
840
422
832
1778
908
560
3570
3311
792
459
2366
163
1127
5220
2786
2216
2520
3528
270
1560
802
165
2300
2350
3750
66
190
1380
2920
4504
1752
1132
189
1130
2770
1827
852
1443
3171
2064
1094
1152
196
5120
51
344
1760
1580
1431
46
2984
2072
990
37
840
1745
3479
1812
1448
4249
495
580
191
506
161
1024
3230
1152
18
1698
3420
1938
5634
2880
930
4410
1930
208
3537
1230
1056
390
1908
3228
1632
5250
1518
324
40
321
4096
3600
3297
143
736
1416
357
1725
760
125
450
1256
570
1710
610
432
3108
613
1848
53
1144
6200
40
206
588
700
94
1345
3700
636
360
3020
174
2768
474
234
762
3537
348
1026
768
826
4480
4808
488
1185
544
1512
4470
2905
1729
608
1078
870
860
285
1980
414
188
188
2718
2040
1308
2370
2592
2728
5510
612
578
254
2856
23
4698
600
900
1784
3094
2432
1950
1032
144
1344
1548
2485
1600
475
3420
2725
1708
3065
536
3462
2502
168
86
1668
855
794
24
4856
906
2277
3992
245
180
6050
602
1254
575
617
784
2505
6260
2465
750
2478
2632
420
1662
394
3199
1344
396
3288
576
570
74
1845
1575
2232
1085
1092
186
4768
3078
1588
133
708
1224
1584
3115
1631
608
530
910
768
4512
4554
2569
576
207
297
396
100
2814
1452
1695
151
576
1138
156
545
168
186
1592
669
1197
1467
860
2350
2352
81
444
1476
2277
1840
2076
348
1344
850
3144
1940
2068
58
990
2532
2712
1488
1460
684
500
3066
1962
1519
3010
660
700
2520
2075
445
910
1002
182
1593
117
378
3157
1038
1100
290
1904
1368
2888
9
3096
2088
190
4040
1528
1524
2583
2454
819
268
580
3336
1384
1490
400
213
1421
916
227
4788
3969
402
235
699
2745
3156
143
1660
3078
3730
1698
2072
1413
48
3300
1790
1224
1119
16
122
1740
630
948
890
1620
369
1506
870
201
4610
4464
3282
1265
1560
594
1792
3150
50
1210
2259
45
1071
1496
195
876
448
2151
708
1410
252
217
1844
5490
525
990
4088
385
1620
2072
2380
1748
115
3955
458
747
435
765
780
914
3
408
892
898
3416
68
696
475
504
1653
154
1750
876
826
306
804
108
2360
389
3609
6240
909
2070
229
5780
375
3480
721
422
3060
392
2345
870
4470
1232
1743
1162
962
2345
1084
424
2252
729
665
828
1472
2807
990
4064
138
4368
106
900
1435
126
215
888
366
570
2618
520
1800
1405
1950
195
186
61
408
4030
30
932
1208
4806
405
1026
699
2096
1384
414
2730
312
584
996
188
968
1070
717
56
350
321
288
2292
3033
208
1028
40
625
759
909
112
526
474
168
468
1080
1158
365
3682
2496
70
27
2492
1815
508
548
2530
15
1920
970
56
195
2184
231
86
3318
126
4296
725
4200
2120
250
4060
3152
670
932
654
1022
1110
1368
555
2350
204
6230
2583
4760
5540
425
