824
3052
2168
963
648
84
615
976
467
1720
2648
918
704
1119
300
262
2472
1720
4428
4140
1158
1920
554
966
460
3140
66
253
1683
950
295
2044
2380
1140
5630
5670
1708
3535
262
2910
84
1670
2466
3880
3005
1264
84
1694
1730
2260
680
460
1835
1365
1284
509
350
206
162
5058
1940
2
3510
5660
742
3339
4020
3336
486
606
2700
813
4104
4158
1512
2664
338
265
1085
1316
3040
2465
369
314
120
585
5210
3096
1290
3304
126
1112
3493
593
784
4190
867
1137
3920
2079
369
252
945
1206
297
336
1509
1628
5740
792
2735
5517
1386
10
654
5030
796
786
1449
45
1108
1844
5750
1687
5076
480
3395
2849
2310
1368
3787
36
3675
160
1944
774
4624
3899
1148
168
4340
3892
1020
1324
5060
2088
1892
693
1330
1350
385
1508
1698
4396
2072
1077
4104
2055
2862
1125
1404
2244
3648
4720
932
904
2982
2652
3948
1608
510
3860
3096
1130
3065
1875
486
452
4
1100
3962
675
1155
2015
1300
371
832
2470
1317
609
552
246
2005
882
1120
1220
792
4088
576
1827
603
1116
1496
2608
3248
2094
4030
692
3577
1176
1036
978
3857
1014
4730
302
3320
596
2444
1841
576
1384
4368
2860
10
2736
254
2718
111
320
81
466
99
2080
1310
404
1520
540
960
1256
2935
6250
2520
844
728
762
908
448
3060
946
792
918
1690
978
322
1740
3980
2493
3528
3920
1215
1950
1203
99
3680
4700
3375
154
152
230
3650
2252
438
283
189
1582
554
2436
2556
1443
906
3612
5470
576
392
2048
136
344
880
790
1431
46
2611
4662
891
333
2240
1745
2485
906
1629
3642
792
1044
573
759
644
2048
3230
1280
36
1132
4560
3230
626
1440
1085
2450
1544
1040
393
984
1760
390
477
3228
3264
525
2024
144
40
963
2048
3200
4710
572
460
3540
408
1150
380
625
450
314
2280
3420
305
432
2664
3065
792
530
4576
3720
25
206
588
3150
141
269
370
106
1080
604
58
3114
474
585
635
3930
348
2565
960
354
2800
1803
2928
2133
1360
378
4023
5229
2223
684
1540
2610
774
1140
1320
690
282
376
3624
1632
218
474
3024
2387
551
6120
2890
1778
3570
138
2610
600
180
446
3094
2432
2600
1032
128
1680
2064
3976
1280
2850
1520
1635
3843
5517
1072
1731
417
1176
344
4448
1995
3176
48
4856
1510
2530
1996
350
360
1210
602
2090
1150
3702
1764
5010
5634
4437
525
1239
376
2520
277
1970
4570
1920
594
4932
192
1140
111
738
3675
2511
651
1365
372
4768
3078
397
114
1770
1836
1584
1335
932
684
1855
3640
3072
2256
2024
2936
288
552
693
3168
225
938
1452
565
1057
1296
3983
39
981
84
1116
1990
446
665
326
2150
235
3528
27
148
984
1771
1150
4671
522
1344
1530
393
1746
2068
261
1650
1688
678
4960
2555
684
5000
1022
3270
1302
602
264
700
1260
3320
445
728
1670
546
531
273
1260
902
1730
2200
580
4760
1824
1805
3
1161
2436
1140
4545
1337
4064
2214
818
819
670
406
4448
346
1490
160
639
2030
1832
2043
532
2205
2010
141
1631
305
3156
429
1245
4104
373
5660
1295
1413
84
2310
3222
1224
3357
80
732
2088
450
948
178
2700
369
3012
1160
1809
4610
5580
4376
759
3510
5346
2560
450
90
1694
502
25
1190
748
520
1460
1568
1673
1416
1692
252
2170
4610
1830
315
99
3577
3850
2025
3108
2380
1748
230
5650
3206
332
1305
680
234
3199
9
51
1338
1347
4392
238
3132
95
72
3857
308
250
3504
472
2448
1340
54
2360
1945
1203
4368
909
828
1374
5202
75
3045
412
422
3060
490
335
2175
894
2464
1245
1494
1924
2345
2168
954
563
810
798
276
368
802
1650
1524
138
4914
477
1800
1230
1008
387
333
1647
380
748
2600
1800
1967
1170
195
837
549
204
1612
50
3262
604
1068
3240
4104
1631
2620
1730
414
4368
780
511
2490
423
1210
428
239
560
700
642
288
3438
2359
26
257
24
2500
1012
3030
504
3156
4266
168
702
216
1930
2555
3682
2184
70
9
5607
1452
4572
2192
4554
150
576
4365
168
195
1638
693
602
2370
378
4296
435
4200
1272
50
5800
1970
536
233
981
146
999
228
222
1410
340
1869
1476
1190
554
1700
