618
3488
1897
856
72
126
2460
488
934
860
662
2754
176
373
100
917
2163
2752
4920
2070
2702
1536
2216
1288
2300
942
132
1265
561
950
177
3066
1428
1330
5630
3969
1464
505
917
4365
42
1670
2192
776
6010
2212
140
2420
692
3390
3060
460
3670
455
2996
4072
140
1648
81
562
3880
12
780
5660
848
3339
4020
4448
810
1616
270
542
2736
924
2520
1480
338
530
1519
752
760
4437
328
1099
75
455
3126
3096
258
472
63
1112
1497
593
1176
1257
1156
1895
3920
231
82
28
135
804
132
240
3018
814
2870
198
5470
613
462
15
2180
5030
3184
3930
621
150
2216
922
4025
2410
3948
960
4365
2442
231
1539
4869
360
1575
1120
1701
602
2890
2228
574
168
620
5560
680
3310
506
2436
3311
693
1140
225
385
2262
1698
4396
2590
2513
4104
2466
3180
675
468
1496
3040
1888
233
226
3479
3978
4512
2680
1020
2702
2709
113
4291
6250
405
565
18
1980
4528
1800
1925
3627
780
318
1248
494
2634
1421
552
861
2005
882
840
4880
396
511
576
2436
201
124
935
3260
928
3490
3627
1730
4599
1470
296
4401
3306
338
2365
1208
3735
2384
3666
1052
1296
2422
4368
5148
6
608
762
3624
333
640
81
932
495
416
786
808
608
486
840
6280
5870
3125
4200
422
104
1016
1362
672
1530
1892
198
459
3042
1304
1449
1740
1592
1662
1008
1176
270
585
1604
198
1840
4700
375
198
228
690
2920
3941
2628
1698
216
678
831
2436
1988
2405
4530
2580
3829
1536
441
4608
51
1032
880
158
1908
322
2238
1036
891
333
1120
349
4970
2416
1086
3035
396
1160
955
1518
1127
2304
2907
1152
180
1698
2280
2261
4382
1728
1395
4900
3860
624
393
2460
1056
234
4770
538
408
4725
2024
288
40
2889
3072
400
1884
429
552
2478
459
4025
760
375
600
2512
1140
684
305
162
3552
4291
2640
371
1716
2480
40
309
784
3150
282
1614
740
848
480
5436
522
2422
948
819
762
3537
522
3078
576
1062
1680
601
976
2370
2176
945
2682
3486
494
760
1386
4350
602
1710
660
414
188
376
4530
1836
654
4740
3888
1364
2204
3672
578
1778
3213
23
4176
600
360
1115
442
3648
2600
3612
48
1680
258
4473
1440
4275
2280
3270
2989
613
2144
577
4170
1512
430
5004
855
3176
108
6070
302
506
4491
105
720
605
1806
2508
920
3702
392
1503
4382
4930
450
826
376
840
1662
2758
1371
960
891
1096
384
1900
222
369
525
558
217
1365
62
1192
2736
1985
38
177
4896
3960
4005
233
152
1855
4550
3072
2256
1012
734
1008
69
792
396
250
3283
2904
1130
755
1152
4552
117
872
336
558
796
1338
1064
1304
1290
2350
2940
63
74
492
506
1610
1038
1392
1680
680
1965
776
5170
58
660
422
1017
2480
2555
684
4000
1022
1308
1302
903
396
420
504
4150
1780
1456
1503
91
4779
390
882
4059
865
880
406
1904
2280
361
1
1935
2088
380
2020
191
5080
1845
2045
1170
1206
348
5560
1557
1490
320
1917
1624
916
227
2128
1323
2814
235
2330
610
526
1430
3320
5130
1865
4528
1295
4710
60
2970
2864
4080
1865
16
610
2784
90
316
178
2700
246
4518
1015
402
461
5022
5470
1518
2340
4752
256
900
10
484
1757
20
1190
2618
130
146
1344
1912
708
1128
126
868
2305
5490
210
990
2044
1155
4050
2590
3332
874
92
3955
4122
83
1160
850
312
1371
2
357
3122
449
3904
340
696
190
648
4408
1232
250
3942
590
918
2680
324
1888
2723
2005
6240
2727
2070
2290
2312
750
3915
309
2532
612
490
1005
1740
894
3080
1245
664
1443
3015
542
636
3941
81
1197
552
1288
1203
3300
3556
690
4914
318
2700
1640
252
215
888
366
380
1122
5200
3600
1405
390
390
186
122
255
2821
10
466
3624
4806
1215
5130
1631
524
692
46
4368
78
146
747
188
726
856
1195
560
2800
428
288
4584
2022
182
2056
40
1250
2530
1515
224
1578
2844
280
780
432
3474
2555
3156
2808
49
6
4984
1089
2540
1918
2530
120
192
1940
224
312
1911
231
774
2844
378
3222
1450
1575
1484
225
4640
2758
268
1398
654
1022
888
228
222
4700
102
4984
369
5355
3878
2975
