412
436
1626
428
360
210
5535
244
2802
2150
2317
4131
704
3357
600
393
2781
688
3444
2070
3474
960
1939
805
4600
628
154
2277
5049
950
413
511
2380
1900
5067
567
2440
1515
917
3880
21
167
822
3880
1803
2212
14
2420
2422
565
3060
828
367
3185
3424
4581
210
412
324
4496
2328
20
1560
1698
848
3816
2010
5560
1620
2020
2700
2168
1368
3696
2520
1480
2028
424
2170
1504
2660
1479
328
1256
105
455
2084
2408
129
3776
315
1390
1996
3558
3136
1676
1734
2274
3920
462
41
84
270
2010
99
192
5030
2849
2296
693
1094
6130
924
40
1090
503
1194
786
414
75
1662
1383
1725
1446
2256
672
3880
2442
1617
1026
1623
324
4200
320
729
688
5780
3899
2870
168
3100
3336
1700
662
2024
2784
473
1386
190
1575
2310
3393
283
1256
2590
3590
1368
2055
1590
225
2106
1122
5472
4720
1864
678
2485
1768
1692
1608
4080
3860
1161
678
5517
625
729
1130
10
220
1698
1350
770
1209
260
265
1248
988
3512
203
552
123
3609
2646
1960
5490
1584
3066
432
6090
603
496
561
1956
3712
3141
3627
3460
1022
735
1480
2934
1102
3380
1892
151
2490
1490
5499
789
1008
692
3120
2860
2
3040
1016
453
370
960
36
932
792
1248
262
1616
1216
108
1200
2512
3522
625
840
422
832
508
454
896
3060
3311
396
765
338
1304
805
580
796
831
4032
3528
405
1170
3609
33
4140
1880
2250
176
228
1150
365
5067
4380
2830
27
1808
2493
1218
284
3367
2718
4644
1094
1536
441
1536
34
344
880
1106
1908
138
3357
2072
297
333
1960
3141
1491
604
181
1214
693
232
764
2024
483
512
1292
1152
162
1698
4560
1615
3756
1728
1395
3920
386
208
1179
1722
704
351
954
2690
408
4200
2530
324
140
1284
4608
400
2355
715
368
354
510
3450
1330
250
1200
2512
4560
3078
2745
324
3552
613
2640
212
2860
4960
45
1030
1764
1750
188
2690
1850
318
600
3020
348
1384
4740
1170
635
1179
116
3078
960
472
5600
6010
4392
711
1632
1512
4023
5229
741
684
1078
2175
602
855
1980
552
235
752
4530
612
872
4266
1296
2046
4408
1836
1445
508
2856
46
3654
300
720
1784
3536
608
2925
2064
144
1680
258
2982
1280
1900
3040
2725
854
5517
1072
4039
3753
1008
430
3892
1140
2779
36
6070
2416
1518
2994
315
900
4840
3612
1254
1035
617
1568
1503
3130
3944
750
1652
2632
4200
1662
1182
914
576
198
3836
96
1900
370
2583
4725
1953
1953
546
248
5364
3078
1588
114
1062
6120
3564
1780
2330
608
795
4550
3840
3948
1518
1468
432
483
396
2376
100
3752
484
1130
151
864
2845
156
872
42
1116
1194
1561
133
326
1290
705
4116
45
740
2952
506
1610
1038
1218
1008
1360
1179
1358
3102
174
990
422
678
992
3285
2394
5000
1533
327
217
2709
1188
210
2268
415
3560
546
501
637
3186
78
378
1804
1211
1540
580
4760
1368
2888
3
2709
3480
1140
2525
573
4572
369
2045
1170
1340
348
4448
1384
149
160
2130
2030
687
1362
2660
3969
2412
470
1864
305
1052
572
2490
4104
2238
5660
1295
1413
108
330
2506
2856
1865
16
610
696
180
2844
534
1620
328
2510
870
1206
4149
1674
3282
759
3510
3564
2304
4050
90
484
2259
10
1190
2992
650
292
1344
956
1416
1128
63
434
1844
4270
630
792
1533
1925
3240
5180
2380
1311
115
5085
3206
664
580
850
546
3656
2
255
4460
4041
2440
238
348
285
720
4408
308
1500
3504
708
2448
1876
54
2360
1556
4010
1872
2727
621
2290
2890
150
3480
1030
3376
2754
490
335
2610
4023
1848
2241
1494
481
3350
2168
954
2815
81
931
1242
1656
802
330
4064
69
4368
212
4500
1230
630
258
222
915
190
748
3120
1080
843
1365
1950
93
244
306
2015
50
4194
3624
1602
2025
5130
2097
524
1730
368
1638
780
146
996
47
1210
856
717
56
3150
1070
336
5730
2022
182
1542
80
6250
2024
2424
336
1052
2844
196
234
1080
1158
1825
4734
624
28
6
623
363
2540
1918
5060
150
1152
1455
252
312
546
924
860
474
756
4833
1015
2625
424
100
2900
3940
67
466
545
292
1110
1824
555
1880
272
1869
738
1190
2216
425
