103
1744
542
535
72
21
4305
854
1401
215
2317
3213
88
2984
900
393
927
2064
1476
2484
3860
576
1939
483
920
1884
154
253
3366
1425
413
3577
2856
1330
1689
1701
1464
2525
1048
1940
63
167
1096
1552
4207
316
42
484
2422
5650
1360
920
734
3640
2140
1527
70
1442
324
3372
388
16
1950
1698
212
4770
1608
556
648
202
2160
1355
456
1848
1008
592
338
371
1302
1128
3800
4930
123
157
135
585
3126
2408
1032
3304
63
139
1996
3558
784
2933
867
758
3920
1386
369
252
270
201
33
144
1006
4070
5740
99
2735
3065
2310
5
872
4527
2388
2751
2070
60
554
922
2875
1687
5076
384
1455
1628
231
513
2705
252
3675
1120
1944
86
4624
5013
2296
196
6200
2780
1020
2979
506
348
2365
231
190
450
1155
3770
2830
3140
1813
2872
456
1644
1272
1800
468
1870
5472
4248
699
113
1988
2210
3384
536
2040
3088
3483
904
4904
625
810
339
14
1320
5660
450
3850
1612
520
212
4160
1976
1756
406
552
615
3208
1176
2800
3660
1188
3066
1152
1827
1005
496
935
1956
2784
1396
1612
2422
511
735
1332
978
3857
2366
1892
302
2075
2980
3666
2630
576
3114
1872
1144
8
2736
2286
1359
333
640
9
1864
396
1872
1310
4040
152
216
360
3768
1174
6250
2100
2532
936
254
227
1008
4080
473
198
765
338
652
161
4640
1592
1939
1512
3136
675
1755
3208
198
920
2820
1875
44
190
2070
2555
3941
1752
2264
162
1356
1662
609
2840
3848
4077
2580
3829
1920
490
5120
51
688
440
158
954
414
1492
3626
297
148
1680
3490
4473
2114
1810
4856
297
928
1910
2277
1288
512
1615
1280
144
4528
1710
2907
4382
1152
155
490
1544
312
2751
2214
528
273
2862
3228
2040
525
1012
288
160
2889
2560
2000
4710
286
368
354
408
4600
190
875
1050
1570
3420
3078
915
378
2220
1839
2112
212
2288
5580
50
824
588
2100
141
1345
1850
1060
600
4228
58
1384
474
468
1016
2751
232
1026
576
590
1120
3005
1464
1659
544
189
447
4067
1976
760
462
3480
430
1710
1320
276
282
658
1359
816
1744
1422
432
682
551
3060
1156
1524
2142
184
4698
600
1620
2007
2210
4256
3250
3096
96
2688
258
4970
1440
1425
2280
3815
1281
1226
1608
2885
1668
504
86
5004
1140
1588
120
1821
2416
1012
998
350
540
4840
2408
4180
805
3702
196
4509
4382
1479
675
1239
2632
4200
1108
394
3656
960
99
2192
384
1710
185
1845
525
558
1085
819
434
3576
3420
1588
19
177
612
3960
445
699
76
1590
455
3072
3384
3036
734
720
621
198
396
150
4690
3872
4520
151
432
2845
312
872
378
1860
398
1115
798
163
1290
235
4704
72
740
4428
1771
2070
4152
348
336
1700
3144
582
4136
87
1320
4220
678
2976
1095
2736
2000
4599
654
1736
1505
528
420
2016
1660
3115
1092
1169
546
1593
156
756
3157
865
1320
116
3332
456
2888
1
2322
2784
190
3030
1146
508
2952
818
117
670
116
1668
1730
894
720
1917
1421
1832
1589
532
882
3216
329
932
2135
2104
715
415
1026
1119
3962
1813
3768
60
2310
1432
1224
373
72
854
3132
810
3160
1068
1080
369
2510
1305
402
2305
2232
1094
506
3120
5940
2048
4050
50
1210
2008
40
833
374
585
1460
2016
956
708
2820
126
2170
3227
610
525
990
511
385
1620
2590
4284
3059
92
4520
1832
498
1450
765
780
2742
1
102
892
1796
4880
340
1392
190
576
2204
770
2500
438
590
612
268
108
1416
3890
401
5616
1818
2070
1374
578
375
870
412
844
306
784
2010
3045
447
2156
249
332
1924
2010
5420
106
1689
810
1064
828
1656
4010
660
2032
138
546
265
1800
2050
378
172
888
1464
285
1122
2600
3240
1967
1365
780
558
305
510
2015
30
1398
1812
5340
2835
1026
699
3668
2422
138
1638
780
730
996
376
1210
1926
2390
56
3500
321
192
4584
1685
234
2570
40
1875
1771
2424
392
1052
3792
168
546
1728
1158
1095
2104
624
7
12
3115
2178
2540
2740
4048
15
1344
970
280
156
1911
1848
860
3792
504
2148
1015
525
212
175
580
788
536
699
763
292
888
1596
333
1410
136
4361
3321
4165
5540
850
