1030
2616
271
1070
432
21
3690
610
4670
1290
1986
2295
440
1492
700
655
2163
3440
984
2070
3088
192
2493
1449
3220
1570
132
2530
1683
1900
472
4088
1904
1710
1689
3402
1952
1010
524
2910
189
1670
1918
2328
4808
1896
28
1210
692
1130
1360
644
2936
1365
1712
2545
350
412
729
2248
3104
8
1560
2830
530
2385
402
556
648
1616
2700
1626
2280
2310
1764
2368
3380
477
217
940
2280
2465
410
471
135
390
3647
1032
1032
3776
315
834
1497
5930
784
2095
1156
2653
4900
693
287
28
1215
201
33
336
1006
2442
1148
198
5470
4291
2310
30
654
3521
2388
393
828
90
1662
4149
4025
723
2256
288
1455
3663
1155
684
541
144
5250
640
1701
602
5202
3899
574
56
1860
556
3060
2317
4554
2436
4257
693
190
1350
2310
3393
1132
628
1813
1795
1824
2466
2862
2025
1404
3366
1824
3304
466
113
994
442
2820
2412
2040
2702
774
678
3678
2500
162
113
12
1100
566
1125
3080
3627
520
159
3328
2470
2634
812
1656
1230
2807
1470
1680
3660
1782
5110
288
1218
1809
496
187
1304
1392
2792
403
692
4599
147
296
978
3857
1014
3784
1359
2075
2384
3666
2104
1008
346
3120
3432
2
1824
2540
3624
111
960
54
699
396
1040
1048
3636
1520
270
120
1884
1761
1250
1680
1688
104
1778
454
112
1020
4257
990
918
3042
1630
161
1740
796
2493
4536
784
1215
195
4010
99
2760
2820
1875
198
380
920
3285
3941
438
2547
81
904
554
4872
1420
962
3624
2064
3829
1536
343
1024
153
172
440
1580
3816
92
746
1036
198
111
1400
2443
994
2718
1810
1821
495
696
1146
2024
1288
1536
969
512
126
3962
3420
969
1252
576
1085
490
3860
208
3537
1722
1232
117
1431
2690
3264
525
1518
216
180
321
2048
400
1884
1287
460
2832
51
5175
190
1250
1500
1570
1710
1026
610
378
444
3678
2640
106
2860
1240
25
721
1372
3150
94
538
1110
424
480
2416
464
2076
3792
1053
508
1179
290
1539
960
118
1120
6010
2440
2133
1904
567
1341
5810
1729
760
1386
435
516
855
1320
690
94
658
2265
408
218
4266
4320
2387
3857
1224
289
1778
2856
46
522
100
1620
1784
1768
2432
1950
3096
144
1008
1290
3976
480
2850
2280
1090
2135
4291
2680
4039
1668
1008
430
1668
285
397
108
3035
2416
1265
1996
70
900
1210
4214
2926
920
1851
1372
1002
1252
2465
375
1652
376
3780
554
1970
914
1920
396
5480
384
380
185
1107
4725
1116
651
273
186
1192
1026
1985
95
1062
1836
3168
3560
699
228
2120
4095
2688
564
1012
3670
720
207
693
1188
200
938
968
4520
453
432
2845
351
1090
210
744
1990
1338
1330
652
645
705
4116
90
740
984
1518
1380
1557
1392
840
1190
1572
776
5170
174
495
2954
3390
496
365
684
4000
1022
981
651
2709
132
280
1260
1245
4450
728
501
91
4248
312
1260
2706
1384
2200
232
3808
456
2527
6
1935
1392
190
5050
1337
3048
2214
2045
1053
402
290
3892
346
149
400
852
1421
458
2270
1064
1764
2412
47
1864
2745
1052
1144
1660
1539
1119
5094
2331
942
48
3300
1074
3672
2238
72
854
1740
630
632
1602
3780
369
1506
1015
2010
461
5580
1094
2024
1170
2376
1536
900
50
1694
1757
25
1190
2618
65
730
672
1912
708
564
63
1302
3227
610
210
891
3577
3465
1620
2590
3332
2622
69
565
4580
83
725
765
156
3656
9
51
892
4490
1952
136
1740
285
504
3857
1540
1500
1314
236
918
2144
270
708
1945
3609
5616
909
621
458
5202
375
1740
412
1688
2754
294
1340
1740
1788
1540
1992
1494
4329
1675
1084
106
2252
567
931
414
184
4010
3300
3048
621
4914
106
4500
1230
504
387
333
732
95
1870
2080
2160
843
1755
1950
558
366
459
2821
25
932
3624
3204
1215
2052
466
3144
1038
276
4914
312
657
1743
47
605
1712
717
336
3150
1070
336
4584
3370
182
771
64
3125
2024
909
560
4734
948
168
390
864
3860
1825
5260
2496
35
30
1246
3630
4064
1918
1012
60
576
485
224
234
1092
1617
258
948
1134
3222
435
4725
848
25
1160
3546
670
1631
327
292
111
228
999
4230
34
1246
738
5950
2216
2975
