7857
22710
21735
2395
10371
19104
17592
286
5094
3910
2404
7338
4788
23786
8260
20419
2435
9855
10284
18540
27600
4940
9095
1212
21976
27162
3824
8960
7705
19290
17845
31224
1977
11604
24480
613
7128
2074
2540
16432
25533
15750
8256
5964
7707
6304
12081
188
9495
11808
12784
7912
15430
7238
20844
21008
11568
10591
348
7976
9072
13420
22866
12880
7203
3150
8019
10890
32048
392
5050
20750
27279
154
20648
2040
8124
4524
4040
35740
2291
31120
852
9351
19736
3658
7353
8232
5572
11081
16218
34677
1041
2060
3532
1314
1497
6132
5606
