8730
22710
3105
4790
20742
3184
17592
715
16980
4692
14424
12230
5985
13592
28910
14585
3409
10950
5142
10300
22080
988
16371
1818
19229
15090
11472
12800
4623
12860
28552
31224
2636
26109
7344
3678
19008
4148
1016
12324
25533
26250
9632
8946
20552
4728
8054
235
6330
3936
6392
27692
24688
3102
13896
13130
38560
3026
1566
7976
8064
13420
15244
6440
5145
1750
891
1089
16024
3136
5050
12450
19485
385
18067
16320
27080
13572
404
17870
13746
15560
2130
9351
22203
21948
5719
8232
22288
12664
13515
23118
3123
5150
1766
1095
5988
6132
28030
