873
15140
6210
2395
3457
3184
20524
1001
5094
782
16828
17122
1197
27184
37170
8751
1461
6570
7713
12360
27600
2964
12733
606
5494
18108
13384
1280
9246
9645
24983
27321
3954
20307
7344
1839
14256
10370
2032
8216
8511
2625
5504
5964
17983
788
12081
94
22155
19680
6392
39560
6172
8272
17370
7878
7712
10591
696
11964
1008
26840
19055
3864
2058
3500
3564
1089
16024
392
4040
10375
3897
308
10324
4080
2708
10556
2424
21444
22910
31120
639
3117
22203
32922
4902
19208
22288
11081
2703
3853
4164
3090
1766
1533
4491
1752
22424
