873
3785
6210
2395
24199
19104
20524
1001
10188
2346
19232
12230
4788
23786
20650
5834
2922
10950
2571
14420
11040
2964
18190
808
10988
12072
5736
1280
6164
9645
3569
15612
659
2901
19584
2452
21384
16592
1270
10270
2837
2625
5504
5964
5138
7880
20135
282
25320
1968
6392
23736
21602
2068
17370
13130
19280
9078
870
13958
4032
3355
22866
11592
4116
2450
2673
9801
36054
2352
2525
16600
35073
385
12905
6120
5416
13572
3232
35740
4582
18672
1917
12468
9868
21948
3268
19208
25074
11081
2703
34677
3123
1030
1766
1533
8982
5256
19621
