4365
3785
6210
2874
3457
12736
5864
429
13584
782
9616
7338
11970
6796
12390
8751
1948
6570
12855
10300
2760
5928
16371
202
2747
30180
5736
1280
7705
16075
32121
39030
5272
14505
22032
3678
2376
8296
762
20540
28370
2625
9632
8946
15414
4728
36243
376
12660
13776
6392
11868
15430
3102
27792
10504
26992
13617
696
13958
8064
16775
22866
5152
6174
1400
8019
4356
24036
784
3535
2075
3897
616
5162
8160
5416
9048
3636
3574
9164
21784
2130
15585
17269
29264
8170
13720
16716
14247
13515
30824
5205
1545
8830
1533
11976
7884
25227
