31600
1730
10790
23938
22578
12540
33710
8862
28856
22736
32056
16654
3380
1548
4876
10632
10112
12850
35146
39548
12802
17342
37894
36872
5504
388
38246
6020
3808
2544
35834
22798
7122
7790
17686
29014
21264
17594
21120
20516
16876
20476
22042
5234
31584
34328
24422
16462
29092
6314
3180
7896
38924
2052
23316
21620
26844
15988
19394
25990
13756
11360
332
8604
2000
23078
15268
2042
17068
34534
18546
24380
12672
17152
14426
10562
36902
32906
32442
16022
5146
4064
5400
30854
10526
13482
792
27982
25342
11794
7132
12378
38976
16794
26144
30540
38986
4918
23684
28088
38240
21940
19534
10122
29906
16230
27556
34834
1014
13830
25380
422
35746
31878
34504
38358
17520
24776
36292
29650
15158
12758
3366
39262
2128
32406
19838
39092
21644
21852
19588
32634
22514
5396
27872
7264
32324
20356
36104
20470
31424
22998
2622
13562
18958
15062
11070
7506
27100
1336
4006
15998
35768
6618
36484
27626
13180
35360
39940
23308
3282
34174
9484
29120
27764
1718
11720
14794
27908
36192
11592
9872
39798
414
22904
25386
8788
4664
16018
38640
15564
404
3870
23558
30184
18688
23188
37800
31426
34096
5632
28496
13102
3982
16686
22832
5832
3478
36464
17370
38730
36696
11528
4780
22232
9482
3614
16320
16250
13242
28524
28982
33302
28160
18426
32752
23680
26346
4108
10856
29188
38994
14326
20506
14810
39118
19758
30312
37288
2318
9008
12600
24376
25758
36074
11088
19284
31182
5124
11194
32974
4410
28354
5932
28424
23948
5748
34690
27994
11408
7984
26902
2446
9480
22602
9120
18302
16110
25524
39670
34868
13796
36164
28756
29140
6882
17518
21364
11800
39486
33228
31282
14054
18312
11210
16002
18024
25902
9294
22634
15368
16426
37188
21442
34916
6898
21524
28878
2130
37432
6850
612
24946
33990
39118
1408
390
20994
34738
5960
12214
35146
39432
39566
3642
1148
10894
3800
38244
7736
25836
14920
8038
22196
36150
6028
33086
21468
2828
24508
1578
16202
15130
25076
14696
14422
11612
38390
33852
11982
36460
21304
17442
38678
24656
9570
4746
24088
13320
16356
9000
21796
26816
26252
21942
1716
33926
35074
19824
9564
30686
4992
30666
29208
39026
6112
31968
32786
1762
8294
30414
13942
14168
15984
13608
8940
34048
26844
36164
16632
34438
28206
10364
28534
16626
11908
38454
2310
3872
18418
36106
2172
33802
26824
15620
10484
33896
25560
32498
26378
6696
27010
19334
33938
30260
16270
39072
3368
7022
26578
14516
38266
18880
22630
26602
37060
26500
22312
20924
4968
8914
11772
28148
5708
14790
23854
4988
19656
18424
19090
32738
9232
38456
11766
32704
1712
36152
13676
23886
4864
8010
10114
5486
10784
16014
11082
26968
7836
34910
21282
11462
6756
24332
4174
32572
30620
19644
22532
844
17626
6544
34428
11500
22686
834
15096
15184
1466
23324
11986
37786
5944
29064
38350
32106
35022
35920
10156
10218
4296
14724
24096
6890
11298
21046
29114
5838
27178
24298
28804
17584
28392
1466
35508
1406
14382
29034
27856
33568
14810
8352
8730
5014
34212
38342
10982
16680
8992
22270
15312
40050
2344
2134
37090
22358
9468
18706
10678
17858
8670
13612
9702
13472
30746
34684
5088
14122
23042
22996
3094
27938
35160
12636
38140
35858
27624
19170
35508
17392
14998
8634
2658
6292
39750
3630
13186
38624
10612
30980
23438
9506
18880
7428
26242
19162
20310
38922
13070
20386
29376
1018
2438
3072
1656
34634
10068
26866
33044
4220
7264
25954
3714
9830
22016
27696
23418
31532
12390
35290
39530
11300
39750
39946
19186
23668
16116
6670
38184
17334
14238
26656
2716
21960
22056
1344
18684
27328
7448
38268
14976
1088
9938
9680
12094
29684
14634
10650
26442
5568
34626
3172
39426
25364
11436
33288
9618
36454
20282
28
38520
10258
2040
4396
16840
27110
29034
8326
13950
13886
27554
36044
20698
14542
17414
778
818
16360
30326
25536
36778
19730
11988
30222
35698
7282
21842
9628
26922
30898
12004
4106
24686
34210
9098
9962
25560
20040
6848
28870
14488
28988
33276
20724
34318
8736
20362
34932
16864
17170
9726
20090
38406
39526
30518
22950
