250
420
279
144
114
189
352
136
102
120
120
235
144
225
387
288
49
195
252
270
70
260
123
31
144
222
260
176
231
250
240
29
138
324
75
168
62
196
190
81
360
204
306
328
210
376
111
260
430
64
100
234
140
460
35
260
210
124
96
333
108
220
132
357
400
174
188
72
25
129
320
392
304
56
90
204
52
287
90
480
74
208
440
99
350
234
58
368
140
75
378
62
343
114
270
88
34
459
320
120
470
108
78
86
320
450
156
196
450
70
312
328
124
384
259
216
88
33
300
120
290
414
288
200
42
256
245
228
280
450
68
306
164
30
235
185
156
43
33
150
39
84
322
315
208
378
248
432
380
27
176
170
306
40
87
470
216
225
301
256
343
39
112
45
175
52
410
120
240
259
208
264
165
100
360
87
184
245
225
378
62
49
76
108
405
102
408
123
60
47
216
52
172
128
250
273
28
92
315
260
123
93
48
74
108
396
297
153
240
116
141
36
225
168
64
343
342
56
315
136
364
41
120
432
370
52
344
132
350
390
29
368
315
250
210
248
336
304
81
44
34
51
240
90
94
180
52
43
256
49
312
56
315
140
260
369
186
48
333
260
264
66
150
160
232
46
324
150
84
64
490
76
270
225
170
306
205
180
329
370
208
129
320
350
234
168
322
70
520
126
248
336
304
54
176
264
408
80
261
423
252
75
301
128
490
234
196
90
102
364
287
240
432
148
26
264
198
400
156
232
92
140
225
378
248
245
38
81
135
136
255
280
60
235
180
182
301
96
400
273
112
180
35
260
82
62
384
259
54
220
99
102
240
87
230
324
100
84
320
343
342
196
180
238
260
328
30
235
259
156
301
297
500
273
290
414
280
52
168
217
432
342
108
44
34
255
360
120
376
360
100
301
128
98
234
280
135
105
520
82
90
384
37
182
264
330
200
200
58
46
180
25
294
93
490
76
54
405
272
153
123
270
141
180
208
86
288
200
39
56
