50
378
217
336
190
216
352
170
102
160
60
188
216
50
387
128
49
117
168
405
210
208
205
217
288
333
52
264
132
500
360
261
276
108
50
336
279
490
228
162
450
340
51
410
270
235
74
78
387
224
300
234
252
92
245
416
252
310
144
148
243
176
66
510
160
145
423
360
50
387
32
49
152
252
90
170
364
164
150
144
370
78
220
99
100
390
174
460
280
100
42
310
98
114
54
396
204
153
320
120
235
72
52
215
224
100
156
112
90
210
312
246
124
48
74
162
176
33
200
40
145
230
36
200
336
288
98
76
28
450
238
306
410
270
235
222
156
344
231
350
156
140
276
175
104
378
93
480
380
54
132
238
510
400
145
282
108
25
301
160
98
390
56
45
245
104
287
210
480
74
26
44
297
150
120
145
138
70
175
378
93
343
342
81
135
68
408
246
210
141
252
260
430
224
150
39
252
184
175
416
410
62
48
37
162
440
132
153
240
232
141
108
225
336
32
196
114
84
45
34
416
205
270
288
370
208
129
165
200
351
232
92
105
250
252
62
240
228
81
44
204
459
40
90
423
252
26
301
32
245
351
28
135
105
260
41
217
288
185
208
220
264
350
400
174
46
360
25
210
64
441
380
243
270
238
357
205
120
47
74
182
258
192
350
117
112
414
315
416
378
279
432
304
189
264
231
510
400
116
94
144
175
43
224
147
117
280
45
68
104
164
270
336
37
130
352
330
250
312
58
460
350
25
168
279
49
152
162
90
170
459
400
180
188
324
78
430
160
250
78
280
90
175
416
410
31
288
148
135
352
99
459
160
290
276
72
175
336
128
49
380
168
180
102
364
328
30
423
185
234
387
231
450
273
174
322
105
520
126
186
432
114
81
396
102
459
40
60
423
144
75
172
192
196
39
196
405
315
312
287
270
240
259
208
308
264
450
40
290
322
180
150
378
124
392
190
135
450
204
510
328
180
141
72
104
258
128
100
312
168
