225
378
124
336
152
189
396
306
306
40
60
329
108
200
301
96
490
117
84
315
245
364
328
279
432
37
260
176
264
350
80
203
276
108
75
378
310
441
380
27
360
170
510
410
120
282
370
234
86
96
300
234
280
368
280
416
126
217
288
370
216
308
165
51
360
116
423
216
225
43
192
49
76
140
90
272
104
287
180
384
333
260
176
330
100
117
290
276
245
150
84
279
441
304
54
88
170
459
280
30
47
216
26
43
320
150
195
140
450
105
468
328
279
384
222
216
44
132
50
120
290
184
36
50
84
96
294
38
56
405
238
51
328
150
141
370
26
301
330
300
117
84
138
140
208
294
310
192
76
243
44
238
153
40
29
376
144
25
129
160
147
273
196
135
175
520
328
180
192
296
130
44
198
400
80
145
230
245
250
252
217
392
190
27
315
306
408
164
180
235
180
156
172
160
300
78
140
322
245
468
369
217
288
333
108
220
297
204
200
261
188
216
225
294
96
343
304
112
315
238
260
369
180
192
111
26
344
264
300
351
232
46
315
250
210
124
144
266
270
396
136
255
200
120
329
360
156
387
32
294
39
140
270
35
312
41
310
144
333
130
308
264
150
40
29
368
144
125
126
320
196
380
27
360
272
204
328
90
470
222
130
258
32
200
351
28
92
245
156
252
279
288
76
162
44
99
51
200
174
47
108
225
86
160
196
234
112
90
102
416
410
150
192
148
208
440
198
200
78
58
92
105
100
252
310
49
190
81
315
204
153
320
150
141
324
182
301
96
300
78
28
405
210
416
164
279
192
333
162
264
165
306
80
145
322
36
250
84
320
196
228
56
90
272
260
246
180
282
148
208
43
231
150
312
87
414
70
364
336
124
192
304
135
308
68
153
80
180
376
216
175
129
224
245
78
84
315
35
468
205
270
96
333
208
308
99
50
400
290
46
252
250
168
62
490
266
108
45
136
510
410
180
94
252
208
43
160
300
39
168
