100
42
31
480
380
162
220
102
459
360
240
188
180
125
430
224
343
351
196
315
280
520
369
310
480
185
208
44
231
100
320
29
322
360
25
84
155
490
304
54
90
34
204
369
150
376
74
156
301
256
300
273
196
276
35
312
84
279
432
259
27
88
231
408
200
145
470
108
100
215
128
294
380
196
450
306
312
41
150
288
37
156
308
231
500
156
232
276
175
25
126
155
147
342
189
88
272
459
400
90
282
288
52
215
32
150
234
28
180
315
312
328
217
144
259
135
396
66
350
160
261
230
360
100
294
288
49
266
112
270
306
306
164
30
94
37
52
129
264
450
390
196
460
210
104
420
124
48
190
243
264
102
408
320
174
423
252
200
43
128
343
234
196
135
35
208
287
120
240
185
130
176
330
250
280
261
460
245
100
168
62
441
76
81
180
136
306
328
210
94
288
26
344
128
100
312
140
230
210
416
328
217
144
259
81
308
132
357
320
261
282
36
225
420
288
490
304
224
225
272
312
410
150
240
148
130
387
198
150
390
174
184
280
200
210
31
192
304
189
352
238
459
320
150
47
180
78
43
256
343
312
168
90
175
520
328
186
192
185
52
88
198
400
160
116
46
360
250
42
32
49
380
135
45
238
306
287
180
423
111
104
215
160
300
156
252
276
245
312
168
186
144
152
81
308
231
51
40
29
235
288
25
430
64
98
39
112
225
340
312
287
60
96
370
260
396
330
500
273
174
92
70
225
84
186
441
152
216
225
238
357
80
150
235
288
208
301
64
450
273
252
360
35
260
328
310
336
259
189
396
99
510
40
174
138
216
175
252
320
490
228
28
405
340
104
205
90
188
148
26
129
330
150
312
203
230
35
312
210
248
192
380
243
308
102
153
80
150
47
216
50
172
64
441
273
196
45
175
416
205
240
192
148
234
440
66
250
320
261
276
108
125
336
155
245
114
27
180
204
510
205
150
94
36
78
172
288
400
156
168
