225
84
248
480
266
27
352
204
408
360
300
423
180
250
344
160
490
390
224
450
350
52
246
93
144
74
208
88
66
250
360
203
276
252
150
378
62
441
380
243
90
34
357
82
240
188
222
182
172
64
350
156
56
138
350
416
252
186
384
111
189
88
231
510
200
290
329
144
200
387
288
98
76
280
180
306
520
410
300
48
259
234
132
33
100
156
29
368
70
175
336
186
196
114
54
308
136
204
280
60
188
72
208
430
288
300
195
280
45
35
260
410
31
192
296
81
440
198
250
240
261
276
324
100
252
224
196
380
280
405
68
153
328
150
188
370
78
129
198
300
78
224
230
70
520
126
186
432
76
135
352
238
153
80
87
188
252
25
86
288
343
156
280
450
175
312
205
60
192
333
130
264
132
100
240
203
184
35
250
168
31
392
380
189
405
204
510
41
300
329
180
156
430
288
400
117
140
46
315
520
410
93
96
296
216
176
198
102
280
203
423
72
50
168
128
490
304
112
315
272
52
328
90
96
296
104
215
33
150
195
87
138
105
125
84
310
432
152
27
308
136
153
160
210
282
180
26
86
288
98
195
140
225
105
260
369
155
144
37
78
220
132
300
40
290
230
288
175
252
64
98
342
189
90
204
357
205
30
470
370
130
86
160
400
234
112
460
315
520
84
124
384
38
162
220
99
255
240
58
470
36
225
129
224
98
78
28
180
204
364
246
300
240
111
260
440
99
50
117
116
368
245
175
294
310
343
380
81
135
340
306
160
120
423
252
52
430
160
100
78
252
180
350
52
410
124
240
111
135
132
165
51
280
203
138
324
100
210
224
196
152
140
405
306
520
164
120
235
148
208
258
66
450
273
203
460
175
52
378
217
288
190
81
220
136
459
120
210
470
108
225
258
192
49
312
140
180
210
52
410
180
144
333
234
440
198
500
200
232
46
144
250
294
310
343
190
162
180
204
510
82
240
329
216
26
215
256
100
351
252
