175
420
155
432
380
270
176
34
51
240
60
470
216
175
344
192
343
156
168
270
315
260
123
93
384
74
208
132
231
350
120
174
322
216
25
210
217
49
304
27
45
68
255
205
60
188
37
182
387
224
150
195
28
414
280
104
42
31
336
259
243
440
33
255
80
232
141
324
75
43
256
343
114
112
405
68
104
246
90
144
148
78
396
99
150
117
261
138
175
25
378
155
392
228
81
396
136
306
400
300
470
180
26
43
160
100
39
252
225
280
520
82
124
288
74
54
176
198
50
240
116
276
288
75
126
288
490
114
28
315
170
102
246
240
423
37
260
344
297
200
39
84
414
35
104
42
155
96
380
135
264
136
255
80
290
282
108
225
86
160
245
312
252
315
280
260
123
270
48
111
52
396
297
500
160
29
322
140
150
336
279
49
152
216
405
340
102
123
60
188
360
208
215
128
350
390
280
46
210
312
369
186
288
296
162
440
330
255
40
261
235
108
250
42
224
490
266
280
45
170
312
123
270
480
333
182
43
231
100
39
203
276
245
200
168
124
384
190
162
352
34
102
280
180
141
288
182
86
128
343
351
56
225
350
468
41
93
288
148
26
396
165
200
320
203
460
360
75
420
224
245
190
135
360
272
153
246
30
423
185
78
172
96
250
117
112
230
315
52
42
155
96
304
81
220
66
306
240
116
329
360
50
258
288
294
234
224
225
340
52
287
90
384
370
182
44
99
250
117
174
368
35
100
168
124
147
380
162
450
170
306
120
120
94
216
234
129
288
350
156
28
225
35
156
410
217
336
111
270
440
66
408
120
58
368
180
75
420
96
147
38
140
90
238
416
369
90
94
222
104
430
99
350
273
290
184
280
52
294
124
144
228
27
176
68
204
400
90
423
36
125
387
192
49
117
84
45
245
104
410
30
96
370
104
176
132
300
400
116
368
360
200
84
310
49
38
27
45
102
510
246
210
94
252
78
129
192
350
195
224
