75
168
155
144
342
189
220
170
510
320
210
47
108
125
430
288
343
273
112
225
105
52
410
186
192
259
208
352
132
250
400
261
276
108
250
336
124
294
266
54
270
102
357
287
180
282
370
52
215
256
350
117
168
184
315
52
420
217
336
185
54
220
264
306
160
116
329
360
150
129
160
392
190
196
315
204
208
246
120
432
370
182
132
330
450
234
116
138
175
100
294
248
490
114
135
88
204
408
80
90
376
252
104
387
128
300
195
112
225
245
468
246
279
336
148
270
44
231
100
280
261
138
180
250
336
320
196
380
280
405
68
357
82
180
188
333
52
86
231
450
156
224
92
35
208
42
248
192
304
81
308
34
408
120
29
94
180
225
430
224
392
351
28
405
105
364
205
300
192
74
78
88
165
350
160
290
230
280
175
126
186
245
114
270
135
238
255
246
210
188
144
260
86
256
150
390
280
230
35
208
287
310
240
333
54
88
99
357
280
145
470
288
50
420
224
392
38
196
405
136
208
246
120
480
74
26
86
231
100
117
174
460
35
50
294
124
480
380
135
440
34
102
160
120
188
180
130
172
256
343
312
112
225
315
104
205
31
480
333
130
88
33
100
280
232
460
144
25
84
160
441
76
54
315
34
255
410
300
94
37
26
215
96
50
117
252
414
245
364
84
217
432
38
54
440
330
51
160
145
141
72
100
215
288
294
195
252
225
102
52
164
180
192
74
182
44
264
500
78
232
460
70
100
378
217
49
76
162
360
68
102
320
60
188
108
52
430
160
50
117
140
360
35
156
369
279
96
185
54
88
99
459
320
145
276
108
200
84
320
196
266
224
405
204
416
287
150
329
148
260
86
132
450
78
29
368
175
520
84
217
96
380
135
132
136
153
80
180
235
36
50
172
64
294
156
168
45
245
520
287
90
336
74
182
396
165
300
240
87
276
108
200
210
62
49
114
162
225
272
102
328
300
423
360
260
215
288
450
234
196
