50
378
186
288
380
135
44
272
510
400
90
188
36
125
258
128
147
156
56
315
280
416
369
62
240
222
182
220
264
250
160
232
46
72
250
210
186
196
380
54
90
272
408
287
210
329
222
26
258
96
400
273
56
138
35
520
126
279
96
222
216
396
33
357
80
290
47
108
75
172
64
98
266
224
405
272
52
287
240
336
148
156
176
99
150
156
232
92
315
150
420
93
98
114
189
396
170
459
240
210
188
288
52
86
160
150
390
140
180
35
52
41
124
384
222
108
440
297
500
120
116
92
144
75
210
224
294
380
252
315
238
510
164
90
376
333
130
86
264
450
156
224
322
210
520
84
186
192
342
81
44
68
102
200
29
329
216
75
301
224
245
117
196
360
140
312
82
90
384
111
130
264
198
200
160
232
276
245
150
294
310
392
266
135
405
272
459
205
300
329
108
78
215
320
250
234
56
46
175
364
123
186
48
259
270
132
330
357
240
203
423
216
50
126
32
343
114
224
315
272
156
410
120
288
37
260
344
330
200
195
145
138
70
75
420
62
240
266
162
44
102
153
160
150
376
288
234
43
160
294
312
280
360
105
312
82
279
240
37
208
44
132
200
400
261
138
72
125
336
288
147
152
108
360
102
51
410
150
282
74
182
344
224
400
39
196
184
245
208
126
279
336
152
27
88
66
153
120
29
47
324
125
387
160
147
273
140
405
136
208
164
210
384
370
182
44
297
150
351
290
322
280
50
168
217
49
228
135
450
170
357
400
90
47
324
156
301
160
500
39
56
180
105
260
410
186
96
370
108
264
33
51
80
58
276
180
175
84
256
294
342
28
405
34
208
369
270
470
37
130
215
66
50
195
29
230
140
104
252
217
336
342
162
88
136
306
160
270
94
180
225
172
256
245
312
168
270
315
52
164
30
480
37
52
308
297
300
280
145
368
72
200
336
279
245
38
54
450
34
153
328
60
329
360
234
387
128
400
78
196
