150
252
310
144
342
270
352
170
459
320
150
94
72
125
387
224
147
273
224
270
70
104
410
310
384
259
130
264
132
250
400
203
276
216
50
252
217
245
76
270
315
272
459
410
210
188
37
26
430
128
300
351
84
46
70
364
168
31
96
222
270
352
99
153
200
87
141
324
125
387
128
245
380
84
360
238
364
369
30
480
333
130
308
33
100
351
29
230
35
100
168
155
441
38
54
264
136
408
160
180
423
252
182
344
64
300
234
140
225
245
52
246
124
480
111
189
44
330
350
320
145
322
108
200
126
32
294
152
196
225
340
510
82
60
470
111
234
258
231
400
117
252
276
35
156
84
186
288
152
243
176
34
408
320
174
282
324
75
86
96
343
117
196
225
140
520
246
210
384
333
130
220
231
50
320
261
460
35
200
252
62
490
380
54
450
306
102
328
240
282
216
52
129
320
250
195
56
230
350
156
246
124
96
259
135
440
297
153
360
116
423
216
250
336
160
392
304
196
270
238
312
410
30
384
37
156
258
165
500
195
116
230
140
175
378
248
384
76
162
308
340
153
120
30
470
180
260
43
256
343
156
140
90
210
208
246
310
384
296
52
44
33
100
80
174
230
288
200
168
160
490
190
108
90
170
459
328
90
141
222
156
344
288
300
273
140
92
140
312
210
248
240
76
189
396
198
306
320
116
470
216
75
172
96
441
234
168
270
306
52
410
180
384
370
130
352
198
450
78
203
322
35
75
378
155
98
152
189
135
136
204
200
240
47
180
26
344
64
250
273
280
360
70
260
328
310
384
148
135
88
297
306
240
290
276
36
225
168
256
245
228
196
45
68
416
41
120
470
259
52
43
66
400
234
290
46
35
104
336
31
336
304
270
220
340
51
320
270
329
360
75
387
192
294
78
196
135
70
312
410
120
432
370
182
352
231
200
240
116
322
288
100
252
186
441
380
189
45
272
51
328
90
141
324
234
172
160
100
156
112
