50
84
186
432
266
189
396
238
102
80
300
470
288
175
344
192
490
351
112
180
105
364
82
248
48
222
26
264
297
200
240
116
230
216
225
84
310
294
266
162
360
102
459
246
120
282
148
104
430
320
450
117
140
138
245
364
126
62
384
296
162
396
33
102
240
261
235
252
175
387
256
490
152
28
180
34
156
369
180
192
111
208
132
264
350
273
290
414
140
125
252
62
294
38
81
264
102
459
240
150
329
72
104
43
288
400
156
28
405
350
416
123
31
384
148
243
132
264
400
320
232
92
72
225
210
96
294
114
224
405
238
204
41
300
47
37
208
86
99
100
39
84
230
105
208
210
155
384
152
27
264
272
408
320
58
470
252
50
430
320
392
78
196
270
350
364
246
210
336
296
182
220
33
500
400
203
414
140
100
210
155
49
38
270
270
102
153
205
90
329
216
104
344
320
200
117
84
92
350
104
205
124
480
37
216
44
198
255
320
116
329
36
50
252
256
490
76
56
270
34
104
41
60
336
111
182
43
33
450
39
87
322
210
225
420
124
240
304
162
440
272
459
160
120
282
180
234
387
128
294
312
56
450
105
104
205
310
336
296
260
88
165
350
160
261
322
252
125
168
96
49
152
54
360
102
357
287
180
141
333
78
215
224
450
234
140
460
105
416
126
155
48
38
27
132
33
459
280
29
94
180
175
43
192
98
390
28
405
204
260
164
90
384
74
182
176
33
200
156
174
322
140
175
420
124
49
76
27
45
34
510
40
270
470
360
104
86
288
400
351
56
45
175
468
41
93
432
148
162
220
66
306
360
290
138
360
25
420
128
49
190
112
360
238
364
82
120
329
259
78
387
33
450
78
87
138
245
468
84
186
480
190
216
220
272
51
240
120
94
72
25
258
288
196
156
28
450
245
416
164
300
384
370
234
220
99
100
360
290
92
180
75
294
310
196
304
189
270
34
102
287
240
329
288
52
387
256
400
273
84
