94818
6944
37786
95776
11292
37638
67432
17736
28862
45484
32062
49980
3386
777
2441
37233
35413
51424
175760
98885
44828
69392
151600
147512
13775
591
114756
15065
1907
2550
53760
68412
10692
27286
88460
101570
63810
8800
73941
92349
16882
102410
88192
5240
157950
120169
122140
82340
29098
18960
14337
19755
194650
1029
81627
86504
53700
63976
9700
12998
68810
34098
338
43050
8024
80794
76370
8192
42685
138160
9276
24386
38034
17158
72160
26420
18454
164560
113568
32056
5152
18315
21624
108010
26330
47208
2394
125946
25348
5900
3569
49536
58473
8400
39225
45819
77984
12310
94760
14047
38246
10973
9770
20256
59824
40590
82686
34840
2550
13836
126930
214
17876
47826
172550
191820
70104
123910
54447
148280
30328
12764
11802
196340
7469
162060
89298
117294
10825
98361
88173
163200
33780
18907
97573
25445
80825
40724
18055
61428
15715
115020
2628
67840
9482
52738
38766
11268
81318
671
2006
48012
107322
23184
182450
96712
59337
106098
199730
34971
3288
68360
23725
58252
13885
1724
41041
66600
111656
180990
11598
34573
139314
210
80185
126960
21985
11675
72108
173907
62280
1640
9690
106038
90570
56082
34791
37806
94296
119357
8457
99757
32770
5982
25038
91352
5838
1742
72940
34752
19368
18351
28835
23930
22238
47440
16290
40815
73152
66240
28530
130446
99924
14083
46080
131032
106587
105408
12342
21724
131373
136500
50162
92304
22224
39124
29646
121272
167823
4648
40563
25212
60955
25764
108240
11094
38580
140346
17955
56000
164900
11040
141800
2969
14215
47908
17262
104088
42000
22828
7990
40362
11034
37944
101736
13689
36616
48348
25530
59514
34874
20703
72340
86286
58292
34440
8762
96165
35418
59238
132936
109508
42180
54954
44864
24012
27045
51816
32550
56600
76870
41080
130179
85792
157149
31068
32295
86652
4272
18719
13712
2163
74856
33996
176058
6363
792
10500
173720
23864
36660
87880
78876
197860
9120
3462
38150
17127
172125
34839
129210
22389
16088
77707
126546
18102
148914
107370
14170
73542
792
81040
45408
75246
73510
7214
5809
172782
67716
47952
36466
95895
52344
19342
49324
14364
14256
84329
59967
57267
18012
32703
53644
105032
21948
1722
16966
52620
79320
33495
153460
17493
46008
58428
156128
9177
63948
147564
5304
24900
30420
55792
28348
71955
61263
31311
34054
93975
108510
74871
154998
84636
31110
128430
24948
5957
38460
11580
15512
46060
108336
6534
33808
134150
70317
52450
118657
76698
48756
79152
13404
54032
96700
152748
45399
81380
175851
6748
14056
79752
14522
133952
84987
11318
106432
111198
26506
55795
10465
14922
35680
41223
42231
14285
7398
107370
22473
88479
55290
57288
114604
4619
153848
5886
163550
7731
180790
61569
35838
19480
