142227
5208
37786
59860
33876
37638
101148
8868
43293
56855
16031
24990
6772
5439
4882
37233
25295
57852
70304
177993
64040
43370
94750
110634
22040
1773
38252
21091
9535
7650
89600
91216
10692
15592
88460
14510
31905
8800
105630
82088
75969
61446
66144
10480
47385
137336
36642
32936
43647
18960
12744
7902
97325
7203
69966
86504
40275
55979
19400
51992
61929
22732
1014
43050
7021
103878
68733
10240
68296
17270
92760
121930
44373
17158
57728
5284
55362
49368
162240
80140
2576
20350
10812
46290
42128
6744
3591
41982
25348
41300
21414
55728
19491
33600
52300
91638
19496
17234
23690
42141
191230
76811
29310
5064
149560
32472
27562
139360
2040
13836
101544
428
17876
143478
17255
19182
8763
37173
36298
118624
68238
25528
6744
19634
1067
32412
89298
136843
97425
98361
29391
16320
33780
10804
69695
18175
48495
50905
54165
102380
110005
92016
1314
33920
56892
67806
11076
18780
13553
671
6018
24006
17887
9936
91225
124344
19779
17683
39946
93256
8220
119630
37960
29126
13885
2586
58630
74000
55828
72396
5799
34573
39804
840
11455
126960
30779
2335
24036
135261
23355
1230
5814
47128
90570
93470
34791
151224
110012
102306
11276
99757
52432
9970
66768
114190
5838
1742
145880
78192
77472
73404
57670
21537
55595
4744
7240
40815
40640
26496
142650
86964
16654
112664
36864
81895
35529
52704
20570
27155
116776
136500
14332
71792
29632
195620
19764
30318
55941
5810
36056
18909
36573
103056
180400
44376
77160
140346
15390
33600
49470
8832
28360
2969
113720
83839
11508
86740
98000
39949
31960
40362
8582
4743
79128
41067
64078
64464
63825
178542
34874
55208
36170
71905
72865
17220
87620
32055
29515
118476
132936
125152
28120
36636
39256
40020
90150
38862
13950
33960
53809
32864
37194
64344
69844
34520
32295
28884
8544
187190
10284
309
99808
67992
195620
707
594
52500
121604
17898
48880
123032
98595
98930
1824
1154
5450
7612
191250
34839
12921
22389
24132
66606
162702
30170
99276
96633
7085
24514
7128
40520
45408
125410
29404
43284
23236
191980
50787
53946
36466
10655
69792
174078
86317
4788
19008
48188
46641
24543
18012
10901
40233
52516
10974
4305
33932
140320
69405
4785
107422
2499
30672
146070
156128
6118
47961
32792
1768
20750
152100
41844
21261
39975
20421
35784
17027
26850
108510
74871
103332
28212
41480
99890
66528
47656
19230
5790
3878
73696
180560
5445
118328
107320
54691
10490
169510
12783
146268
79152
13404
27016
58020
169720
90798
40690
117234
13496
35140
13292
14522
19136
75544
11318
119736
111198
66265
89272
73255
9948
26760
11778
126693
11428
44388
59650
24970
9831
82935
47740
65488
23095
38462
35316
98130
859
36158
20523
35838
4870
