79015
868
10796
71832
11292
25092
33716
13302
115448
11371
64124
24990
16930
1554
7323
15957
20236
38568
87880
98885
6404
52044
170550
18439
2755
1970
57378
3013
9535
6375
161280
114020
28512
19490
79614
87060
10635
35200
31689
102610
84410
10241
77168
15720
94770
103002
109926
65872
58196
22120
6372
11853
97325
3087
93288
43252
93975
71973
38800
90986
55048
28415
1014
17220
6018
46168
68733
4096
51222
34540
64932
12193
6339
68632
14432
21136
36908
98736
146016
8014
10304
14245
27030
77150
36862
53952
3990
69970
76044
53100
17845
49536
97455
25200
130750
106911
155968
22158
106605
28094
172107
109730
58620
30384
134604
56826
124029
69680
2550
20754
50772
428
89380
47826
51765
38364
43815
74346
108894
14828
30328
31910
13488
39268
3201
129648
99220
78196
21650
21858
39188
114240
67560
27010
125451
3635
96990
10181
162495
71666
125720
103518
11826
54272
18964
75340
55380
18780
135530
1342
14042
32008
17887
6624
182450
110528
59337
70732
59919
11657
6576
51270
4745
43689
97195
6896
29315
74000
69785
126693
5799
24695
139314
210
57275
88872
17588
16345
64096
173907
15570
1025
11628
23564
135855
9347
34791
56709
125728
119357
16914
14251
65540
9970
8346
102771
26271
3484
164115
17376
135576
18351
17301
4786
66714
47440
18100
81630
8128
39744
142650
86964
149886
56332
27648
16379
71058
79056
2057
10862
58388
117000
42996
30768
7408
195620
79056
151590
167823
2324
40563
37818
24382
64410
36080
11094
86805
15594
5130
11200
65960
19872
70900
11876
127935
95816
8631
52044
112000
11414
23970
13454
6130
14229
79128
18252
54924
64464
114885
198380
156933
69010
54255
129429
131157
17220
87620
85480
29515
59238
149553
140796
56240
82431
56080
8004
72120
103632
27900
79240
76870
49296
148776
75068
34922
3452
75355
28884
1068
131033
30852
1854
12476
84990
39124
6363
594
63000
173720
20881
12220
123032
138033
19786
12768
4616
38150
17127
191250
38710
25842
22389
16088
44404
72312
15085
165460
53685
14170
36771
7920
16208
75680
25082
22053
36070
52281
153584
67716
47952
72932
31965
17448
77368
49324
9576
21384
48188
13326
32724
40527
10901
40233
13129
21948
1722
84830
70160
19830
19140
61384
9996
122688
43821
136612
21413
159870
163960
7956
41500
76050
62766
70870
31980
13614
31311
102162
120825
54255
41595
34444
42318
15555
142700
16632
5957
153840
4632
9695
9212
108336
6534
67616
67075
54691
5245
50853
63915
48756
65960
26808
108064
96700
50916
136197
32552
156312
13496
7028
119628
7261
133952
37772
33954
13304
185330
106024
66954
10465
19896
26760
11778
14077
2857
66582
83510
14982
68817
64505
28644
114604
36952
115386
35316
16355
2577
36158
34205
11946
19480
