94818
7812
26990
47888
33876
6273
50574
39906
14431
90968
112217
24990
5079
2331
7323
37233
40472
57852
158184
138439
6404
26022
94750
165951
24795
394
38252
27117
1907
10200
107520
11402
7128
23388
8846
14510
74445
70400
95067
10261
59087
71687
11024
7860
126360
171670
12214
32936
72745
9480
11151
23706
116790
7203
46644
54065
93975
31988
19400
12998
20643
34098
1690
4305
6018
34626
38185
6144
25611
69080
83484
60965
19017
34316
28864
31704
110724
131648
162240
32056
25760
14245
18921
123440
36862
40464
3990
27988
101392
59000
21414
30960
116946
67200
130750
76365
155968
4924
59225
14047
57369
65838
68390
15192
29912
16236
110248
34840
1020
27672
76158
642
71504
111594
17255
57546
8763
74346
90745
148280
7582
19146
11802
58902
1067
64824
19844
39098
10825
21858
29391
65280
90080
27010
27878
10905
129320
91629
108330
20476
157150
23004
9198
13568
56892
60272
22152
33804
121977
4026
6018
24006
160983
33120
72980
138160
65930
70732
79892
104913
13152
170900
33215
43689
13885
2586
35178
22200
13957
126693
17397
39512
139314
210
22910
50784
8794
16345
32048
19323
15570
1845
17442
58910
75475
93470
104373
56709
110012
153459
19733
85506
58986
5982
50076
79933
2919
17420
18235
78192
96840
183510
28835
19144
77833
4744
5430
8163
8128
59616
99855
101458
16654
112664
46080
65516
47372
39528
4114
10862
87582
78000
42996
41024
66672
19562
69174
90954
55941
6972
22535
44121
36573
12882
162360
55470
28935
46782
25650
28000
131920
19872
70900
17814
28430
35931
11508
52044
70000
5707
35955
40362
3678
14229
79128
18252
9154
40290
114885
138866
174370
6901
90425
115048
87438
6888
70096
32055
35418
98730
66468
46932
7030
9159
22432
24012
18030
12954
13950
22640
15374
8216
55791
42896
122227
34520
10765
129978
8544
37438
3428
618
12476
16998
97810
6363
1386
52500
138976
14915
18330
17576
177471
79144
5472
1154
43600
17127
114750
11613
129210
29852
40220
66606
126546
24136
148914
75159
2834
36771
5544
64832
22704
87787
14702
28856
11618
172782
101574
59940
18233
74585
43620
174078
36993
47880
23760
60235
19989
8181
18012
87208
67055
91903
65844
2583
101796
52620
29745
19140
15346
14994
76680
43821
156128
9177
111909
131168
7956
41500
45630
13948
49609
15990
40842
4473
136216
67125
18085
58233
172220
141060
41480
128430
49896
23828
134610
1158
11634
46060
108336
3267
50712
13415
7813
10490
50853
102264
16252
131920
13404
54032
48350
67888
90798
32552
156312
8435
24598
106336
14522
95680
28329
22636
66520
129731
79518
22318
83720
12435
31220
35334
98539
5714
73980
119300
19976
9831
55290
57288
98232
27714
57693
47088
163550
859
18079
34205
95568
21915
