15803
868
10796
59860
79044
37638
118006
31038
86586
34113
128248
41650
6772
5439
12205
10638
30354
64280
17576
138439
25616
26022
189500
73756
11020
788
57378
3013
7628
3825
17920
45608
3564
3898
70768
58040
95715
70400
52815
51305
8441
10241
44096
10480
31590
171670
61070
49404
116392
3160
6372
23706
136255
2058
58305
54065
67125
47982
48500
90986
27524
5683
1014
38745
4012
80794
22911
9216
76833
103620
46380
97544
57051
42895
36080
15852
36908
148104
129792
80140
5152
12210
24327
61720
21064
40464
1596
97958
114066
41300
3569
55728
58473
16800
26150
106911
116976
14772
82915
70235
191230
54865
97700
50640
14956
8118
110248
34840
510
34590
63465
428
107256
111594
69020
172638
26289
111519
127043
103796
7582
31910
8430
157072
1067
113442
49610
78196
10825
21858
39188
81600
112600
24309
69695
21810
113155
81448
108330
20476
94290
103518
5256
40704
94820
30136
38766
3756
13553
6039
2006
40010
160983
3312
145960
82896
32965
88415
199730
93256
13152
17090
42705
116504
97195
6896
23452
74000
83742
54297
11598
19756
159216
840
11455
76176
4397
18680
48072
115938
31140
205
3876
47128
105665
28041
115970
18903
78580
51153
28190
28502
19662
3988
58422
34257
17514
3484
36470
86880
58104
128457
51903
4786
111190
9488
14480
81630
65024
46368
85590
144940
149886
70415
36864
65516
94744
65880
12342
5431
116776
156000
64494
82048
7408
39124
88938
45477
186470
8134
45070
37818
60955
38646
72160
33282
57870
46782
15390
44800
115430
2208
14180
23752
127935
95816
11508
69392
140000
17121
27965
13454
1226
47430
22608
18252
9154
40290
25530
99190
87185
69010
108510
129429
43719
10332
26286
21370
47224
118476
99702
156440
35150
73272
50472
16008
45075
38862
13950
67920
7687
65728
185970
64344
174610
13808
10765
28884
8544
168471
13712
1236
49904
16998
58686
7070
1584
105000
121604
17898
36660
105456
39438
138502
14592
5770
5450
19030
19125
15484
25842
14926
12066
44404
144624
18102
148914
53685
14170
61285
2376
16208
60544
62705
29404
64926
11618
134386
101574
23976
91165
106550
17448
116052
49324
9576
9504
12047
66630
49086
45030
65406
120699
13129
76818
6888
33932
87700
49575
4785
76730
19992
138024
58428
156128
30590
79935
32792
4420
8300
106470
27896
63783
31980
68070
44730
153243
107400
36170
24957
154998
141060
5185
99890
66528
53613
76920
4632
17451
36848
18056
1089
118328
93905
31252
36715
67804
115047
97512
26384
30159
94556
19340
135776
75665
24414
19539
1687
31626
13292
50827
172224
9443
33954
13304
129731
26506
78113
73255
24870
44600
58890
42231
17142
29592
119300
14982
19662
46075
28644
114604
4619
134617
29430
98130
7731
36158
6841
47784
24350
