63212
868
32388
47888
56460
62730
151722
8868
86586
113710
112217
74970
13544
6993
14646
15957
45531
12856
123032
98885
57636
43370
132650
92195
27550
394
133882
27117
17163
2550
125440
11402
17820
38980
79614
14510
106350
26400
73941
82088
8441
10241
33072
26200
47385
120169
12214
82340
101843
3160
14337
35559
19465
7203
93288
97317
80550
15994
38800
103984
41286
56830
676
12915
8024
92336
38185
10240
85370
172700
92760
97544
19017
68632
72160
26420
110724
131648
162240
64112
18032
6105
21624
123440
36862
47208
1596
97958
12674
47200
17845
61920
77964
50400
104600
61092
116976
14772
94760
28094
19123
32919
19540
50640
44868
32472
137810
121940
2040
48426
25386
2140
35752
127536
86275
19182
26289
24782
36298
74140
22746
19146
5058
117804
4268
113442
79376
117294
75775
65574
29391
146880
90080
5402
41817
29080
161650
71267
90275
61428
78575
69012
6570
13568
37928
60272
5538
22536
13553
4697
12036
72018
17887
6624
182450
138160
19779
88415
99865
11657
14796
51270
42705
145630
111080
5172
29315
29600
41871
108594
46392
49390
59706
1260
103095
12696
39573
23350
40060
19323
23355
1230
3876
35346
30190
46735
34791
75612
125728
17051
8457
14251
58986
17946
58422
102771
23352
10452
54705
86880
58104
73404
17301
14358
88952
42696
16290
81630
16256
33120
142650
86964
33308
140830
36864
16379
71058
65880
18513
16293
102179
39000
35830
51280
7408
195620
39528
15159
186470
6972
18028
25212
97528
77292
36080
22188
77160
31188
25650
22400
98940
2208
28360
2969
113720
23954
5754
138784
84000
39949
15980
67270
1226
37944
56520
4563
18308
24174
102120
178542
52311
41406
162765
14381
131157
13776
52572
85480
35418
98730
16617
140796
70300
91590
5608
64032
81135
25908
4650
79240
46122
73944
37194
85792
157149
10356
21530
28884
4272
131033
13712
927
112284
67992
58686
6363
1386
94500
52116
5966
6110
35152
138033
39572
7296
4616
16350
3806
76500
34839
116289
22389
32176
55505
108468
18102
148914
85896
1417
24514
2376
56728
30272
112869
14702
36070
5809
153584
84645
53946
127631
42620
78516
19342
61655
23940
9504
12047
66630
49086
31521
21802
107288
105032
87792
7749
152694
105240
79320
4785
153460
9996
76680
116856
175644
30590
143883
81980
3536
41500
76050
20922
35435
39975
40842
17892
170270
134250
90425
24957
34444
84636
51850
57080
83160
59570
173070
3474
11634
73696
162504
9801
50712
120735
54691
26225
118657
38349
146268
105536
16755
108064
96700
50916
60532
73242
58617
10122
28112
39876
36305
38272
75544
22636
93128
55599
53012
89272
83720
2487
40140
23556
126693
14285
7398
71580
19976
39324
73720
47740
32744
41571
76924
41202
147195
5154
180790
47887
47784
17045
