158030
5208
5398
119720
67752
6273
101148
22170
144310
68226
96186
41650
8465
3108
17087
26595
35413
64280
35152
98885
51232
8674
170550
165951
19285
985
114756
30130
5721
5100
143360
91216
14256
35082
26538
87060
85080
17600
42252
61566
75969
102410
77168
15720
126360
103002
24428
41170
29098
6320
6372
27657
155720
3087
46644
54065
134250
15994
87300
51992
55048
22732
676
21525
5015
57710
7637
1024
34148
138160
92760
73158
31695
42895
50512
42272
184540
148104
16224
40070
15456
10175
27030
46290
47394
40464
2793
41982
101392
47200
17845
37152
58473
84000
26150
76365
77984
17234
118450
42141
133861
10973
87930
5064
14956
56826
27562
104520
1020
13836
126930
1498
89380
95652
51765
134274
52578
12391
72596
88968
22746
57438
11802
58902
4268
48618
29766
175941
54125
43716
9797
65280
112600
10804
97573
25445
145485
71267
18055
20476
47145
11502
11826
47488
85338
52738
49842
11268
13553
4026
12036
72018
71548
3312
127715
69080
26372
106098
179757
104913
9864
153810
14235
101941
27770
862
11726
7400
69785
162891
23196
34573
39804
1260
68730
50784
8794
2335
48072
96615
7785
1025
15504
106038
60380
28041
92776
189030
94296
68204
25371
142510
45878
9970
50076
68514
26271
17420
36470
17376
174312
73404
5767
9572
33357
37952
1810
16326
73152
6624
28530
28988
116578
42249
73728
147411
59215
105408
12342
43448
102179
19500
35830
61536
7408
117372
98820
121272
55941
6972
27042
18909
48764
64410
144320
49923
96450
77970
2565
16800
49470
4416
56720
11876
14215
83839
5754
17348
28000
51363
39950
80724
11034
47430
11304
13689
18308
72522
114885
39676
156933
6901
180850
43143
87438
20664
43810
96165
59030
78984
149553
109508
7030
82431
16824
32016
18030
103632
23250
22640
61496
32864
130179
85792
122227
6904
96885
14442
2136
187190
27424
618
24952
33996
39124
2121
990
73500
34744
26847
61100
52728
98595
118716
10944
4616
43600
11418
57375
15484
90447
52241
24132
33303
36156
6034
115822
10737
14170
24514
7128
56728
52976
37623
22053
36070
46472
19198
50787
35964
164097
10655
34896
19342
49324
43092
11880
96376
6663
73629
4503
109010
134110
65645
32922
2583
33932
122780
9915
28710
153460
4998
76680
29214
97580
21413
111909
147564
1768
8300
45630
27896
28348
31980
54456
26838
136216
120825
72340
24957
86110
42318
51850
14270
16632
59570
96150
10422
13573
27636
54168
10890
118328
134150
70317
5245
101706
38349
97512
131920
6702
94556
48350
33944
15133
73242
195390
11809
24598
26584
7261
133952
75544
22636
13304
18533
119277
89272
41860
9948
26760
35334
126693
8571
36990
95440
7491
58986
55290
19096
81860
32333
192310
41202
65420
5154
180790
20523
11946
2435
