15803
868
5398
11972
11292
6273
16858
4434
14431
11371
16031
8330
1693
777
2441
5319
5059
6428
17576
19777
6404
8674
18950
18439
2755
197
19126
3013
1907
1275
17920
11402
3564
3898
8846
14510
10635
8800
10563
10261
8441
10241
11024
2620
15795
17167
12214
8234
14549
3160
1593
3951
19465
1029
11661
10813
13425
7997
9700
12998
6881
5683
169
4305
1003
11542
7637
1024
8537
17270
9276
12193
6339
8579
7216
5284
18454
16456
16224
8014
2576
2035
2703
15430
5266
6744
399
13994
12674
5900
3569
6192
19491
8400
13075
15273
19496
2462
11845
14047
19123
10973
9770
5064
14956
8118
13781
17420
510
6918
12693
214
17876
15942
17255
19182
8763
12391
18149
14828
7582
6382
1686
19634
1067
16206
9922
19549
10825
10929
9797
16320
11260
2701
13939
3635
16165
10181
18055
10238
15715
11502
1314
6784
9482
7534
5538
3756
13553
671
2006
8002
17887
3312
18245
13816
6593
17683
19973
11657
1644
17090
4745
14563
13885
862
5863
7400
13957
18099
5799
4939
19902
210
11455
12696
4397
2335
8012
19323
7785
205
1938
11782
15095
9347
11597
18903
15716
17051
2819
14251
6554
1994
8346
11419
2919
1742
18235
8688
19368
18351
5767
2393
11119
4744
1810
8163
8128
6624
14265
14494
16654
14083
9216
16379
11843
13176
2057
5431
14597
19500
7166
10256
7408
19562
9882
15159
18647
1162
4507
6303
12191
12882
18040
5547
9645
15594
2565
5600
16490
2208
14180
2969
14215
11977
2877
17348
14000
5707
3995
13454
1226
4743
11304
4563
9154
8058
12765
19838
17437
6901
18085
14381
14573
3444
8762
10685
5903
19746
16617
15644
7030
9159
5608
8004
9015
12954
4650
11320
7687
8216
18597
10724
17461
3452
10765
14442
1068
18719
3428
309
12476
16998
19562
707
198
10500
17372
2983
6110
17576
19719
19786
1824
577
5450
1903
19125
3871
12921
7463
4022
11101
18078
3017
16546
10737
1417
12257
792
8104
7568
12541
7351
7214
5809
19198
16929
5994
18233
10655
8724
19342
12331
4788
2376
12047
6663
8181
4503
10901
13411
13129
10974
861
16966
17540
9915
4785
15346
2499
15336
14607
19516
3059
15987
16396
884
4150
15210
6974
7087
7995
6807
4473
17027
13425
18085
8319
17222
14106
5185
14270
8316
5957
19230
1158
1939
9212
18056
1089
16904
13415
7813
5245
16951
12783
16252
13192
3351
13508
9670
16972
15133
8138
19539
1687
3514
13292
7261
19136
9443
11318
13304
18533
13253
11159
10465
2487
4460
5889
14077
2857
7398
11930
2497
9831
9215
9548
16372
4619
19231
5886
16355
859
18079
6841
11946
2435
