206
872
542
214
144
42
1230
244
934
430
662
918
176
746
200
262
618
688
984
828
772
384
554
322
920
628
44
506
1122
950
118
1022
952
380
1126
1134
488
1010
262
970
42
334
548
776
1202
632
28
484
692
1130
680
184
734
910
856
1018
70
412
162
1124
776
4
780
1132
212
954
804
1112
324
404
540
542
912
924
504
592
676
106
434
376
760
986
82
314
30
130
1042
688
258
944
126
278
998
1186
784
838
578
758
980
462
82
56
270
402
66
96
1006
814
1148
198
1094
1226
924
10
436
1006
796
786
414
30
1108
922
1150
482
1128
192
970
814
462
342
1082
72
1050
320
486
172
1156
1114
1148
56
1240
1112
680
662
1012
696
946
462
380
450
770
754
566
1256
518
718
912
822
636
450
468
748
1216
944
466
226
994
884
1128
536
1020
772
774
226
1226
1250
162
226
4
440
1132
450
770
806
260
106
832
494
878
406
368
246
802
588
560
1220
396
1022
288
1218
402
248
374
652
928
698
806
692
1022
294
296
978
1102
676
946
302
830
596
1222
526
288
692
1248
1144
4
608
508
906
74
320
18
466
198
416
262
808
304
108
240
1256
1174
1250
840
844
208
508
454
224
1020
946
198
306
676
326
322
1160
796
554
1008
784
270
390
802
66
920
940
750
44
76
460
730
1126
876
566
54
452
554
1218
568
962
906
1032
1094
384
98
1024
34
344
440
316
954
92
746
1036
198
74
560
698
994
604
362
1214
198
232
382
506
322
512
646
256
36
1132
1140
646
1252
576
310
980
772
208
786
492
352
78
954
1076
816
1050
1012
72
40
642
1024
800
942
286
184
708
102
1150
380
250
300
628
1140
684
610
108
888
1226
528
106
1144
1240
10
206
392
700
94
538
740
212
240
1208
116
692
948
234
254
786
116
1026
192
236
1120
1202
976
474
544
378
894
1162
494
152
308
870
172
570
440
138
94
188
906
408
436
948
864
682
1102
1224
578
508
714
46
1044
200
360
446
884
1216
650
1032
32
672
516
994
320
950
760
1090
854
1226
536
1154
834
336
86
1112
570
794
24
1214
604
506
998
70
180
1210
1204
836
230
1234
392
1002
1252
986
150
826
752
840
554
788
914
384
198
1096
192
380
74
738
1050
558
434
546
124
1192
684
794
38
354
1224
792
890
466
152
530
910
768
1128
1012
734
288
138
198
792
50
938
968
1130
302
288
1138
78
218
84
372
796
446
266
326
430
470
1176
18
148
984
506
460
1038
348
336
340
786
388
1034
58
330
844
678
992
730
684
1000
1022
654
434
602
264
140
504
830
890
364
334
182
1062
78
252
902
346
440
116
952
912
722
2
774
696
380
1010
382
1016
738
818
234
268
116
1112
346
298
160
426
406
458
454
1064
882
804
94
466
610
1052
286
830
1026
746
1132
518
942
24
660
716
816
746
16
244
696
180
632
356
1080
82
1004
290
402
922
1116
1094
506
780
1188
512
900
20
484
502
10
238
748
130
292
448
478
354
564
126
434
922
1220
210
198
1022
770
810
1036
952
874
46
1130
916
166
290
170
156
914
2
102
892
898
976
68
696
190
144
1102
308
500
876
236
612
536
108
472
778
802
1248
606
414
458
1156
150
870
206
844
612
196
670
870
894
616
498
332
962
670
1084
212
1126
162
266
276
368
802
660
1016
138
1092
106
900
410
252
86
222
366
190
748
1040
720
562
390
390
186
122
102
806
10
932
1208
1068
810
1026
466
1048
692
92
1092
156
146
498
94
242
428
478
112
700
214
96
1146
674
52
514
16
1250
506
606
112
1052
948
56
156
432
772
730
1052
624
14
6
1246
726
1016
548
1012
30
384
970
56
78
546
462
172
948
252
1074
290
1050
424
50
1160
788
134
466
218
292
222
456
222
940
68
1246
738
1190
1108
850
