50
84
62
96
76
54
88
68
102
80
60
94
72
50
86
64
98
78
56
90
70
104
82
62
96
74
52
88
66
100
80
58
92
72
50
84
62
98
76
54
90
68
102
82
60
94
74
52
86
64
100
78
56
92
70
104
84
62
96
74
54
88
66
102
80
58
94
72
50
86
64
98
76
56
90
68
104
82
60
96
74
52
88
66
100
78
58
92
70
50
84
62
98
76
54
88
68
102
80
60
94
72
52
86
64
100
78
56
90
70
104
82
62
96
74
54
88
66
100
80
58
92
72
50
84
64
98
76
56
90
68
102
82
60
94
74
52
86
66
100
78
56
92
70
104
84
62
96
76
54
88
68
102
80
58
94
72
50
86
64
98
78
56
90
70
104
82
60
96
74
52
88
66
100
80
58
92
70
50
84
62
98
76
54
90
68
102
82
60
94
72
52
86
64
100
78
56
92
70
104
82
