1736
10796
10468
10398
7560
6200
11484
12546
948
10684
8868
11172
12478
6904
6358
5854
276
3386
1554
4798
11238
4882
10638
10118
12856
2384
9126
6786
8250
12808
9702
5824
964
2180
5132
4110
5510
1966
3628
394
5484
6026
9332
3814
2550
3072
6420
7128
7796
1308
12344
5792
12636
10802
4886
1216
4742
4138
498
4098
5664
5240
2742
12486
10988
2972
5128
1566
8044
84
12714
6320
3926
3186
7902
6162
2058
6938
5242
10466
7702
3016
9612
11366
338
8610
3978
2006
12842
9838
6700
9118
7612
2566
2048
12894
690
1772
2168
9790
8002
12736
9734
12678
774
1000
10568
4140
7784
144
5152
10942
10512
4070
5406
3006
10532
11252
798
11604
9044
12880
8964
11800
7138
4572
12384
6214
12572
416
11934
9766
6224
9212
4924
7306
11710
1624
12500
5478
11998
5562
3156
10128
11178
5396
7696
2072
1020
9002
1756
8992
428
10284
11970
2984
1742
5596
1142
10248
8398
12054
3530
12764
3372
6500
9288
2134
10574
3460
6644
6330
11846
5266
5474
3210
6136
5402
9798
10310
11494
7270
2742
3978
10916
3342
3074
4092
11200
6620
4490
11024
11008
2628
8074
5366
10152
11744
2580
1434
11166
